ZNF583
A	C	G	T
0.0060	0.0010	0.9749	0.0180
0.0030	0.0000	0.9970	0.0000
0.0000	0.9920	0.0000	0.0080
0.0010	0.9319	0.0591	0.0080
0.0480	0.0000	0.7618	0.1902
0.0000	0.9339	0.0661	0.0000
0.0040	0.4619	0.5341	0.0000
0.0000	0.0000	0.9980	0.0020
0.0000	0.0380	0.9029	0.0591
0.0020	0.9289	0.0381	0.0311
1.0000	0.0000	0.0000	0.0000
0.6974	0.0000	0.0431	0.2595
0.0000	0.0000	0.9800	0.0200
0.1011	0.0000	0.5516	0.3473
0.1191	0.8809	0.0000	0.0000
0.8626	0.0993	0.0100	0.0281
0.0000	0.9920	0.0050	0.0030
0.1112	0.7164	0.1593	0.0130
