BCL-6
A	C	G	T
0.1998	0.1789	0.2563	0.3651
0.0366	0.0230	0.0293	0.9111
0.0052	0.0837	0.0314	0.8797
0.0314	0.9163	0.0251	0.0272
0.0000	0.8567	0.0000	0.1433
0.0000	0.0000	0.0000	1.0000
0.4665	0.0900	0.4226	0.0209
0.1485	0.0000	0.8515	0.0000
0.9843	0.0000	0.0115	0.0042
0.6715	0.1056	0.1831	0.0397
0.6433	0.0073	0.2228	0.1266
0.1056	0.0962	0.6590	0.1391
0.1977	0.5167	0.1213	0.1642
0.3860	0.1967	0.1736	0.2437
