HOXB8
A	C	G	T
0.3960	0.2277	0.0891	0.2871
0.1700	0.4300	0.3000	0.1000
0.1782	0.3564	0.1980	0.2673
0.2300	0.1700	0.3400	0.2600
0.1100	0.0300	0.8200	0.0400
0.0101	0.6263	0.0000	0.3636
0.7800	0.1600	0.0200	0.0400
0.9700	0.0100	0.0100	0.0100
0.0200	0.0000	0.0000	0.9800
0.1900	0.0100	0.0000	0.8000
0.9600	0.0000	0.0100	0.0300
0.7900	0.0400	0.0200	0.1500
0.1000	0.2400	0.0700	0.5900
0.6000	0.1400	0.1300	0.1300
0.4040	0.1313	0.3232	0.1414
0.4545	0.1010	0.1212	0.3232
