FXR
A	C	G	T
0.4918	0.1311	0.3115	0.0656
0.0984	0.0984	0.7377	0.0656
0.0656	0.0984	0.7049	0.1311
0.1475	0.1311	0.1967	0.5246
0.0656	0.5574	0.2131	0.1639
0.5410	0.1639	0.1639	0.1311
0.3443	0.2295	0.2131	0.2131
0.0000	0.0164	0.0000	0.9836
0.0656	0.0000	0.9180	0.0164
0.9180	0.0000	0.0328	0.0492
0.0492	0.9016	0.0492	0.0000
0.0000	1.0000	0.0000	0.0000
0.0656	0.2295	0.0328	0.6721
0.1786	0.4286	0.1429	0.2500
