HOXD3
A	C	G	T
0.1900	0.3700	0.0500	0.3900
0.1900	0.0800	0.0800	0.6500
0.1400	0.1000	0.6000	0.1600
0.3663	0.0990	0.3267	0.2079
0.2376	0.0891	0.4356	0.2376
0.1400	0.2400	0.2900	0.3300
0.0101	0.1414	0.0000	0.8485
0.8788	0.1212	0.0000	0.0000
0.9800	0.0100	0.0000	0.0100
0.0100	0.0000	0.0100	0.9800
0.0000	0.0000	0.1212	0.8788
0.8485	0.0000	0.1414	0.0101
0.3737	0.3737	0.1414	0.1111
0.2376	0.4356	0.0891	0.2376
0.1188	0.3663	0.3069	0.2079
0.0900	0.2200	0.2100	0.4800
