Arnt
A	C	G	T
0.1667	0.3810	0.3333	0.1190
0.3333	0.3095	0.2857	0.0714
0.3333	0.1905	0.2619	0.2143
0.3333	0.2857	0.1905	0.1905
0.2381	0.1667	0.3571	0.2381
0.3571	0.1190	0.4524	0.0714
0.1429	0.0000	0.1905	0.6667
0.0000	1.0000	0.0000	0.0000
1.0000	0.0000	0.0000	0.0000
0.0000	1.0000	0.0000	0.0000
0.0000	0.0000	1.0000	0.0000
0.0000	0.0000	0.0000	1.0000
0.0000	0.0000	1.0000	0.0000
0.6667	0.1905	0.0000	0.1429
0.0714	0.4524	0.1190	0.3571
0.2381	0.3571	0.1667	0.2381
0.1905	0.1905	0.2857	0.3333
0.2143	0.2619	0.1905	0.3333
0.0714	0.2857	0.3095	0.3333
0.1190	0.3333	0.3810	0.1667
