c-MAF
A	C	G	T
0.6661	0.0239	0.3064	0.0037
0.0000	0.0000	0.0000	1.0000
0.0000	0.0000	0.9927	0.0073
1.0000	0.0000	0.0000	0.0000
0.0147	0.7991	0.1523	0.0339
0.1009	0.0009	0.0110	0.8872
0.0734	0.8596	0.0202	0.0468
0.8972	0.0000	0.0468	0.0560
0.0073	0.0037	0.9550	0.0339
0.0000	0.9752	0.0202	0.0046
0.8541	0.0156	0.0670	0.0633
0.3514	0.1862	0.2596	0.2028
0.3312	0.0917	0.1193	0.4578
0.2679	0.0936	0.0835	0.5550
0.1936	0.2596	0.0972	0.4495
