RUNX2
A	C	G	T
0.3100	0.1407	0.0968	0.4525
0.4634	0.1061	0.3281	0.1024
0.8346	0.0509	0.1018	0.0127
0.0027	0.9855	0.0091	0.0027
0.0000	0.9900	0.0082	0.0018
0.2382	0.0033	0.7279	0.0306
0.0000	0.9804	0.0089	0.0107
0.7180	0.0501	0.1518	0.0800
0.4224	0.0859	0.2380	0.2536
0.5288	0.0605	0.1081	0.3026
0.6325	0.0632	0.1406	0.1637
0.8035	0.0691	0.1151	0.0123
0.0104	0.9557	0.0130	0.0209
0.0237	0.9364	0.0305	0.0093
0.3009	0.0208	0.6340	0.0442
0.0308	0.8898	0.0203	0.0592
0.7068	0.0678	0.1441	0.0813
0.4017	0.0828	0.3057	0.2098
