THRB
A	C	G	T
0.1657	0.0831	0.4591	0.2922
0.0039	0.0288	0.0043	0.9631
0.0394	0.0175	0.9392	0.0039
0.7544	0.0112	0.0233	0.2112
0.0016	0.9958	0.0021	0.0004
0.0012	0.9956	0.0026	0.0006
0.0006	0.1324	0.0038	0.8632
0.0218	0.2749	0.1937	0.5096
0.7673	0.0032	0.2203	0.0091
0.2308	0.1861	0.2637	0.3194
0.0039	0.1658	0.0177	0.8126
0.6180	0.1059	0.2628	0.0134
0.9321	0.0018	0.0655	0.0006
0.0006	0.0003	0.9939	0.0052
0.0004	0.0002	0.9863	0.0131
0.1115	0.0149	0.0170	0.8567
0.0081	0.9269	0.0423	0.0227
0.9526	0.0021	0.0437	0.0016
0.2165	0.4192	0.1147	0.2496
