ZNF232
A	C	G	T
0.3894	0.1298	0.3750	0.1058
0.1096	0.1009	0.1360	0.6535
0.0000	0.0000	1.0000	0.0000
0.0201	0.0452	0.0000	0.9347
0.1289	0.1511	0.0000	0.7200
0.9865	0.0135	0.0000	0.0000
0.9006	0.0373	0.0000	0.0621
0.9613	0.0258	0.0000	0.0129
0.0618	0.3539	0.0618	0.5225
0.0402	0.0000	0.9598	0.0000
0.0111	0.0111	0.0000	0.9778
0.6147	0.0000	0.2900	0.0952
0.0513	0.0000	0.9487	0.0000
1.0000	0.0000	0.0000	0.0000
0.0000	0.1765	0.0000	0.8235
0.0091	0.0682	0.1273	0.7955
0.8729	0.0331	0.0276	0.0663
1.0000	0.0000	0.0000	0.0000
0.1190	0.2183	0.6548	0.0079
