RFX4
A	C	G	T
0.1583	0.4354	0.2543	0.1520
0.0108	0.0000	0.9733	0.0158
0.0004	0.0071	0.0008	0.9917
0.0315	0.0646	0.0017	0.9022
0.0506	0.0115	0.9247	0.0132
0.0002	0.9991	0.0000	0.0007
0.0015	0.2928	0.0048	0.7009
0.6438	0.1332	0.2230	0.0000
0.3242	0.0225	0.6422	0.0111
0.0007	0.0006	0.9983	0.0004
0.1536	0.7354	0.0011	0.1098
0.7555	0.0013	0.0319	0.2113
0.9896	0.0044	0.0055	0.0005
0.0023	0.9958	0.0000	0.0019
0.1492	0.2683	0.5460	0.0365
