ZBTB7C
A	C	G	T
0.2675	0.1160	0.4553	0.1613
0.1199	0.6671	0.1409	0.0721
0.2148	0.0783	0.6230	0.0838
0.7984	0.1765	0.0063	0.0188
0.0369	0.9631	0.0000	0.0000
0.0000	0.9817	0.0048	0.0135
0.7801	0.2061	0.0061	0.0077
0.0170	0.9604	0.0066	0.0160
0.0719	0.8131	0.0431	0.0719
0.2485	0.1356	0.5177	0.0982
0.4775	0.2083	0.1177	0.1965
0.3271	0.3094	0.1925	0.1709
