HOXD1
A	C	G	T
0.3861	0.0495	0.1089	0.4554
0.4600	0.1600	0.2800	0.1000
0.4059	0.2277	0.1287	0.2376
0.4000	0.1500	0.4000	0.0500
0.0400	0.4500	0.2100	0.3000
0.0100	0.1400	0.0000	0.8500
0.9200	0.0700	0.0100	0.0000
0.9900	0.0000	0.0000	0.0100
0.0100	0.0000	0.0000	0.9900
0.0000	0.0100	0.0700	0.9200
0.8500	0.0000	0.1400	0.0100
0.3000	0.2100	0.4500	0.0400
0.0400	0.5800	0.1000	0.2800
0.0700	0.0800	0.1900	0.6600
0.2200	0.2200	0.3200	0.2400
0.2323	0.1717	0.2727	0.3232
0.3200	0.2000	0.1800	0.3000
