ZNF435
A	C	G	T
0.6154	0.1385	0.1231	0.1231
0.2174	0.0580	0.5797	0.1449
0.0000	0.0484	0.0000	0.9516
0.0000	0.0000	1.0000	0.0000
0.0000	0.0000	0.0000	1.0000
0.0000	0.0000	0.0000	1.0000
0.7812	0.0000	0.1719	0.0469
0.9375	0.0000	0.0000	0.0625
0.0000	1.0000	0.0000	0.0000
0.7536	0.0145	0.0000	0.2319
0.0175	0.0000	0.9825	0.0000
1.0000	0.0000	0.0000	0.0000
0.7966	0.0000	0.2034	0.0000
0.0000	1.0000	0.0000	0.0000
0.9516	0.0484	0.0000	0.0000
0.0000	0.9833	0.0000	0.0167
0.0000	0.8814	0.0339	0.0847
0.0169	0.2373	0.0678	0.6780
