HoxA2
A	C	G	T
0.5900	0.0800	0.2400	0.0900
0.3300	0.3200	0.2200	0.1300
0.1900	0.0800	0.6200	0.1100
0.0900	0.2100	0.5200	0.1800
0.0100	0.0600	0.0000	0.9300
0.9000	0.0900	0.0100	0.0000
0.9899	0.0101	0.0000	0.0000
0.0000	0.0000	0.0101	0.9899
0.0000	0.0100	0.0900	0.9000
0.9300	0.0000	0.0600	0.0100
0.1584	0.2970	0.4455	0.0990
0.1100	0.6200	0.0800	0.1900
0.2200	0.2800	0.0800	0.4200
0.2600	0.4400	0.0900	0.2100
0.7300	0.0400	0.0900	0.1400
0.2772	0.1683	0.2673	0.2871
