POU5F1P1
A	C	G	T
0.5783	0.0807	0.0563	0.2848
0.1571	0.0429	0.0283	0.7716
0.2024	0.0300	0.7187	0.0489
0.5967	0.3689	0.0138	0.0206
0.8785	0.0194	0.0264	0.0757
0.0765	0.0134	0.0066	0.9035
0.9448	0.0037	0.0040	0.0475
0.1154	0.0250	0.0179	0.8417
0.0302	0.0117	0.5584	0.3997
0.0575	0.7381	0.0305	0.1739
0.8583	0.0196	0.0289	0.0931
0.4646	0.0556	0.0773	0.4025
