POU4F3
A	C	G	T
0.4236	0.1617	0.2208	0.1938
0.0578	0.0636	0.0600	0.8186
0.1476	0.0517	0.6532	0.1476
0.4699	0.5067	0.0060	0.0174
0.9396	0.0121	0.0104	0.0380
0.0232	0.0051	0.0060	0.9658
0.6233	0.0258	0.0273	0.3236
0.7744	0.0302	0.0314	0.1640
0.0961	0.0224	0.0368	0.8446
0.1072	0.0148	0.0434	0.8346
0.5732	0.1204	0.1459	0.1605
0.9812	0.0054	0.0071	0.0063
0.0469	0.0785	0.0398	0.8348
0.1314	0.1114	0.5288	0.2284
0.4856	0.2167	0.1421	0.1556
0.2390	0.1953	0.4039	0.1619
