NR2F1
A	C	G	T
0.3374	0.1032	0.4813	0.0780
0.5113	0.0061	0.4782	0.0044
0.0096	0.0095	0.9590	0.0220
0.0117	0.0057	0.9567	0.0258
0.0064	0.0191	0.0293	0.9452
0.0049	0.9035	0.0258	0.0659
0.9828	0.0040	0.0103	0.0030
0.8773	0.0069	0.0823	0.0335
0.9327	0.0029	0.0634	0.0010
0.0010	0.0023	0.9933	0.0034
0.0021	0.0024	0.9783	0.0173
0.0010	0.0097	0.0182	0.9712
0.0012	0.9346	0.0152	0.0490
0.9344	0.0038	0.0584	0.0033
0.3529	0.2532	0.1565	0.2374
