TFF-1
A	C	G	T
0.1400	0.3200	0.1500	0.3900
0.4040	0.2323	0.2323	0.1313
0.6800	0.0400	0.1800	0.1000
0.1400	0.2000	0.4700	0.1900
0.0700	0.8300	0.0900	0.0100
0.0000	0.8800	0.0000	0.1200
0.9000	0.0200	0.0000	0.0800
0.0200	0.9800	0.0000	0.0000
0.0000	0.0000	0.0000	1.0000
0.0100	0.1600	0.0000	0.8300
0.1900	0.1200	0.6700	0.0200
0.8889	0.0000	0.0101	0.1010
0.4545	0.3333	0.1818	0.0303
0.3400	0.3200	0.0700	0.2700
0.2100	0.1200	0.0500	0.6200
0.1700	0.1500	0.0500	0.6300
