HMX1
A	C	G	T
0.3400	0.2900	0.2400	0.1300
0.1700	0.4300	0.2700	0.1300
0.3600	0.2900	0.2600	0.0900
0.6900	0.0600	0.1600	0.0900
0.1300	0.0800	0.7200	0.0700
0.0100	0.9500	0.0000	0.0400
0.8700	0.0000	0.1200	0.0100
0.8800	0.1100	0.0000	0.0100
0.0000	0.0000	0.0000	1.0000
0.0198	0.0594	0.0000	0.9208
0.9596	0.0000	0.0101	0.0303
0.8889	0.0101	0.0404	0.0606
0.2500	0.1500	0.1700	0.4300
0.1414	0.2222	0.5051	0.1313
0.3838	0.2929	0.2828	0.0404
0.3267	0.1287	0.2376	0.3069
0.1800	0.2000	0.2200	0.4000
