PAX5
A	C	G	T
0.1278	0.3909	0.3074	0.1739
0.0174	0.0111	0.8480	0.1235
0.1274	0.0870	0.0207	0.7649
0.0247	0.7199	0.0050	0.2504
0.8559	0.0674	0.0450	0.0316
0.0112	0.7999	0.0040	0.1849
0.0747	0.0065	0.9173	0.0015
0.0030	0.7020	0.2909	0.0042
0.4644	0.0882	0.0732	0.3742
0.0230	0.2374	0.0014	0.7382
0.0065	0.4254	0.5357	0.0324
0.6791	0.0064	0.3124	0.0021
0.2179	0.2729	0.2896	0.2195
0.0356	0.1883	0.0321	0.7441
0.2633	0.0093	0.6782	0.0493
0.3127	0.4529	0.2263	0.0080
0.2616	0.1700	0.2705	0.2978
0.0297	0.4916	0.0650	0.4137
