POU3F3
A	C	G	T
0.5343	0.0696	0.1271	0.2690
0.3523	0.0328	0.1049	0.5100
0.0971	0.0429	0.0482	0.8117
0.9531	0.0097	0.0106	0.0265
0.0211	0.0278	0.0414	0.9097
0.0184	0.0084	0.9013	0.0719
0.0179	0.6879	0.0753	0.2189
0.4672	0.0037	0.0009	0.5282
0.8659	0.0088	0.0618	0.0635
0.9686	0.0054	0.0135	0.0126
0.0456	0.0172	0.0103	0.9269
0.1415	0.0831	0.1397	0.6356
0.4194	0.0665	0.0900	0.4241
