Foxn4
A	C	G	T
0.1400	0.3510	0.3320	0.1770
0.1320	0.3660	0.3580	0.1440
0.1882	0.1331	0.1972	0.4815
0.3920	0.1390	0.2790	0.1900
0.0840	0.1360	0.3600	0.4200
0.2827	0.1089	0.2138	0.3946
0.3524	0.1772	0.3273	0.1431
0.7310	0.0120	0.0900	0.1670
0.0160	0.0820	0.0080	0.8940
0.3363	0.1001	0.5596	0.0040
0.0030	0.0070	0.9880	0.0020
0.0100	0.9850	0.0020	0.0030
0.0120	0.0010	0.9770	0.0100
0.0040	0.0030	0.0040	0.9890
0.0020	0.9750	0.0140	0.0090
0.1878	0.2378	0.1508	0.4236
0.1040	0.3400	0.0910	0.4650
0.0910	0.1850	0.0460	0.6780
0.4184	0.1161	0.1111	0.3544
0.2312	0.3073	0.1632	0.2983
0.1910	0.0930	0.5100	0.2060
0.5010	0.1090	0.0570	0.3330
