OTP
A	C	G	T
0.2300	0.3800	0.2100	0.1800
0.3069	0.1980	0.3366	0.1584
0.1485	0.3564	0.1188	0.3762
0.4100	0.1800	0.1800	0.2300
0.4700	0.1000	0.3900	0.0400
0.0099	0.1188	0.0000	0.8713
0.0099	0.0396	0.0000	0.9505
0.9800	0.0100	0.0100	0.0000
0.9899	0.0000	0.0101	0.0000
0.0000	0.0101	0.0000	0.9899
0.0000	0.0100	0.0100	0.9800
0.9505	0.0000	0.0396	0.0099
0.8713	0.0000	0.1188	0.0099
0.0600	0.4200	0.0900	0.4300
0.2323	0.1010	0.2828	0.3838
0.2200	0.1800	0.3500	0.2500
0.1212	0.1212	0.6061	0.1515
