LHX2
A	C	G	T
0.0194	0.3978	0.0203	0.5625
0.7725	0.1500	0.0432	0.0343
0.9301	0.0101	0.0409	0.0190
0.0190	0.0157	0.0258	0.9395
0.0269	0.0352	0.0209	0.9171
0.8167	0.0112	0.1389	0.0333
0.3292	0.3375	0.1614	0.1719
0.2417	0.2281	0.4486	0.0816
0.0649	0.7115	0.0925	0.1311
0.0516	0.0563	0.0092	0.8829
0.9359	0.0280	0.0222	0.0139
0.9753	0.0056	0.0122	0.0069
0.0097	0.0211	0.0077	0.9615
0.0286	0.0195	0.1631	0.7888
0.5824	0.0050	0.3944	0.0182
