STAT1
A	C	G	T
0.0800	0.1800	0.4190	0.3210
0.2322	0.0971	0.3724	0.2983
0.1387	0.3124	0.1976	0.3513
0.1752	0.3794	0.3814	0.0641
0.5954	0.1349	0.1508	0.1189
0.3117	0.2627	0.0939	0.3317
0.0000	0.0000	0.0000	1.0000
0.0000	0.0000	0.0000	1.0000
0.0390	0.9090	0.0200	0.0320
0.0000	1.0000	0.0000	0.0000
0.0000	0.3250	0.6750	0.0000
0.0000	0.0000	1.0000	0.0000
0.0380	0.0000	0.9499	0.0120
1.0000	0.0000	0.0000	0.0000
1.0000	0.0000	0.0000	0.0000
0.3626	0.0879	0.2947	0.2547
0.1110	0.1110	0.1110	0.6670
0.1982	0.1051	0.6967	0.0000
0.2480	0.1270	0.4660	0.1590
0.1251	0.3674	0.4925	0.0150
0.3177	0.1259	0.3966	0.1598
