CUX2
A	C	G	T
0.9687	0.0030	0.0152	0.0131
0.0025	0.0079	0.0040	0.9856
0.0053	0.9877	0.0043	0.0027
0.4867	0.0066	0.5018	0.0049
0.9858	0.0034	0.0042	0.0066
0.0196	0.0033	0.0029	0.9743
0.7616	0.0611	0.0699	0.1073
0.4956	0.1952	0.0883	0.2210
0.3868	0.1877	0.1669	0.2587
0.3391	0.1973	0.1717	0.2919
0.3499	0.0864	0.1846	0.3791
0.1889	0.0609	0.0724	0.6777
0.9789	0.0031	0.0042	0.0138
0.0048	0.0086	0.0035	0.9830
0.0090	0.8807	0.0075	0.1028
0.0230	0.0019	0.9721	0.0029
0.9868	0.0028	0.0070	0.0033
0.0423	0.0159	0.0036	0.9382
