POU4F2
A	C	G	T
0.4586	0.1474	0.2373	0.1567
0.0362	0.0398	0.0174	0.9066
0.0515	0.0091	0.9178	0.0216
0.3189	0.6792	0.0005	0.0014
0.9932	0.0019	0.0013	0.0035
0.0004	0.0000	0.0000	0.9996
0.9141	0.0028	0.0043	0.0789
0.7504	0.0235	0.0152	0.2110
0.0263	0.0187	0.0097	0.9454
0.1017	0.0030	0.0027	0.8926
0.9072	0.0076	0.0685	0.0167
0.9959	0.0013	0.0028	0.0000
0.0066	0.0104	0.0240	0.9590
0.0365	0.0472	0.6155	0.3009
0.8068	0.0608	0.0705	0.0619
0.1623	0.1485	0.6265	0.0626
