TBX19
A	C	G	T
0.2637	0.1388	0.2047	0.3927
0.1817	0.1040	0.1928	0.5215
0.0075	0.0227	0.0048	0.9650
0.2762	0.4932	0.1829	0.0478
0.6184	0.0121	0.3193	0.0501
0.0024	0.9875	0.0030	0.0071
0.9404	0.0015	0.0573	0.0008
0.0684	0.7575	0.0385	0.1356
0.2252	0.4412	0.2099	0.1238
0.1035	0.0819	0.0537	0.7609
0.7478	0.0422	0.1072	0.1027
0.1305	0.1702	0.4811	0.2182
0.1408	0.0300	0.7613	0.0679
0.0018	0.0637	0.0057	0.9289
0.0057	0.0004	0.9913	0.0026
0.0663	0.2884	0.0167	0.6286
0.0411	0.0995	0.6465	0.2129
0.9633	0.0034	0.0262	0.0072
0.5719	0.1421	0.1299	0.1561
0.4436	0.1649	0.1639	0.2276
