ZNF788
A	C	G	T
0.5762	0.0952	0.1293	0.1994
0.3697	0.0230	0.0942	0.5130
0.1042	0.0631	0.1052	0.7275
0.4605	0.0070	0.0050	0.5275
0.9540	0.0460	0.0000	0.0000
0.0000	0.0030	0.9960	0.0010
0.0000	0.0000	0.0010	0.9990
0.0050	0.0000	0.0000	0.9950
0.0000	0.4555	0.0000	0.5445
0.0100	0.0000	0.1914	0.7986
0.0050	0.4840	0.1874	0.3236
0.0080	0.0090	0.0601	0.9228
0.0000	0.0000	0.0000	1.0000
0.0000	0.0040	0.4118	0.5842
0.0000	0.0000	1.0000	0.0000
1.0000	0.0000	0.0000	0.0000
0.3517	0.6232	0.0240	0.0010
0.6984	0.0441	0.2575	0.0000
0.0321	0.0200	0.0421	0.9058
0.0030	0.5296	0.4674	0.0000
