TTF-1
A	C	G	T
0.2958	0.2113	0.3662	0.1268
0.3662	0.1549	0.2817	0.1972
0.2254	0.2676	0.4085	0.0986
0.0694	0.6667	0.0417	0.2222
0.3836	0.3288	0.1096	0.1781
0.0000	1.0000	0.0000	0.0000
0.0000	0.0000	0.0000	1.0000
0.0274	0.1370	0.1096	0.7260
0.1507	0.2055	0.6438	0.0000
0.5616	0.1370	0.2055	0.0959
0.1408	0.3099	0.4789	0.0704
0.2958	0.1549	0.2535	0.2958
0.1972	0.1831	0.4648	0.1549
0.2676	0.3380	0.2394	0.1549
