Esx1
A	C	G	T
0.3232	0.2424	0.1717	0.2626
0.2574	0.1782	0.1485	0.4158
0.1700	0.3400	0.1800	0.3100
0.2100	0.3500	0.2300	0.2100
0.4200	0.0700	0.4100	0.1000
0.0300	0.4700	0.0100	0.4900
0.0100	0.0700	0.0000	0.9200
0.9800	0.0000	0.0100	0.0100
0.9899	0.0000	0.0101	0.0000
0.0000	0.0101	0.0000	0.9899
0.0100	0.0100	0.0000	0.9800
0.9200	0.0000	0.0700	0.0100
0.4900	0.0100	0.4700	0.0300
0.0990	0.1584	0.1485	0.5941
0.2200	0.1200	0.3000	0.3600
0.1089	0.2574	0.4455	0.1881
0.5200	0.0700	0.0400	0.3700
