PLZF
A	C	G	T
0.0000	0.1842	0.3158	0.5000
0.0000	0.0500	0.1000	0.8500
0.2750	0.2000	0.4750	0.0500
0.1429	0.1429	0.2619	0.4524
0.5000	0.0000	0.0000	0.5000
0.0952	0.2143	0.0952	0.5952
0.0952	0.1905	0.2619	0.4524
0.0476	0.0476	0.6905	0.2143
0.4524	0.1667	0.2857	0.0952
0.4524	0.2143	0.0476	0.2857
0.0952	0.0000	0.6667	0.2381
0.0952	0.4524	0.2619	0.1905
0.0000	0.0000	0.0000	1.0000
1.0000	0.0000	0.0000	0.0000
1.0000	0.0000	0.0000	0.0000
1.0000	0.0000	0.0000	0.0000
0.1429	0.0952	0.5952	0.1667
0.0952	0.4048	0.0476	0.4524
0.2619	0.0476	0.0000	0.6905
0.0952	0.0476	0.1905	0.6667
0.1429	0.0000	0.5000	0.3571
0.6667	0.0000	0.2381	0.0952
0.2143	0.1905	0.0476	0.5476
0.0476	0.5476	0.0000	0.4048
0.3571	0.0000	0.0476	0.5952
0.2143	0.0476	0.6429	0.0952
0.1667	0.0952	0.1429	0.5952
0.0952	0.0476	0.2143	0.6429
0.0000	0.6429	0.1429	0.2143
