IRF3
A	C	G	T
0.2027	0.2698	0.3457	0.1817
0.1568	0.3102	0.4043	0.1287
0.3248	0.0269	0.5677	0.0807
0.5707	0.0008	0.4007	0.0279
0.7620	0.0035	0.1450	0.0896
0.9607	0.0107	0.0097	0.0189
0.3445	0.3539	0.1352	0.1664
0.0077	0.1955	0.7154	0.0815
0.0055	0.0005	0.9934	0.0007
0.9959	0.0008	0.0028	0.0005
0.9934	0.0008	0.0030	0.0028
0.9804	0.0011	0.0022	0.0163
0.0203	0.8828	0.0553	0.0415
0.0287	0.7394	0.1371	0.0948
0.0139	0.0003	0.9856	0.0003
0.9874	0.0070	0.0042	0.0013
0.9713	0.0026	0.0018	0.0243
0.9544	0.0041	0.0028	0.0387
0.0257	0.8029	0.1480	0.0233
0.1063	0.3003	0.1138	0.4797
0.3545	0.0888	0.4544	0.1024
