ZFP-37
A	C	G	T
0.0130	0.0040	0.7585	0.2244
0.0060	0.0000	0.0070	0.9870
0.7465	0.0000	0.2435	0.0100
0.0030	0.0000	0.3868	0.6102
0.0511	0.0000	0.1682	0.7808
0.0271	0.1323	0.0000	0.8407
0.9840	0.0000	0.0160	0.0000
1.0000	0.0000	0.0000	0.0000
0.7197	0.0010	0.0290	0.2503
1.0000	0.0000	0.0000	0.0000
0.0691	0.0000	0.9248	0.0060
0.2645	0.0010	0.0341	0.7004
0.0000	0.0000	0.9550	0.0450
0.2162	0.0000	0.7648	0.0190
0.0581	0.0120	0.3487	0.5812
0.0000	0.0000	1.0000	0.0000
0.0371	0.0000	0.7896	0.1733
0.0000	0.0000	1.0000	0.0000
