ZNF84
A	C	G	T
0.3357	0.0190	0.6323	0.0130
0.9008	0.0391	0.0220	0.0381
0.1002	0.0050	0.8076	0.0872
0.0000	0.0861	0.1602	0.7538
0.0261	0.0000	0.0752	0.8988
0.1261	0.0000	0.4454	0.4284
0.0050	0.0000	0.9950	0.0000
1.0000	0.0000	0.0000	0.0000
0.0000	0.0020	0.0000	0.9980
0.0000	1.0000	0.0000	0.0000
0.0000	0.3584	0.5906	0.0511
0.0000	0.0000	1.0000	0.0000
0.8898	0.0000	0.0451	0.0651
0.9649	0.0000	0.0150	0.0200
0.1864	0.0000	0.1834	0.6303
0.0000	0.0000	1.0000	0.0000
0.0000	0.2919	0.0692	0.6389
0.0010	0.0251	0.9739	0.0000
