THRA
A	C	G	T
0.2894	0.0622	0.4549	0.1936
0.0034	0.0427	0.0029	0.9510
0.0194	0.0233	0.9499	0.0073
0.7928	0.0134	0.0154	0.1785
0.0029	0.9952	0.0007	0.0011
0.0021	0.9979	0.0000	0.0000
0.0003	0.1069	0.0080	0.8848
0.0137	0.3240	0.1770	0.4852
0.7814	0.0129	0.2038	0.0019
0.0051	0.1254	0.0172	0.8524
0.4638	0.0588	0.4639	0.0135
0.9073	0.0020	0.0907	0.0000
0.0005	0.0012	0.9979	0.0004
0.0000	0.0000	0.9934	0.0066
0.2173	0.0089	0.0127	0.7611
0.0053	0.9104	0.0585	0.0258
0.9240	0.0137	0.0606	0.0017
0.2204	0.3687	0.1167	0.2942
