Klf12
A	C	G	T
0.1054	0.0221	0.7306	0.1420
0.5050	0.0100	0.4849	0.0000
0.0270	0.9489	0.0114	0.0128
0.0072	0.9710	0.0174	0.0043
0.9671	0.0306	0.0023	0.0000
0.0131	0.9811	0.0000	0.0058
0.1361	0.0006	0.8532	0.0101
0.0000	0.9942	0.0000	0.0058
0.0000	0.9698	0.0124	0.0179
0.0000	0.9821	0.0000	0.0179
0.4047	0.1185	0.0000	0.4768
0.2482	0.2284	0.1032	0.4202
0.3344	0.2595	0.0912	0.3149
0.2454	0.1918	0.1206	0.4423
0.2847	0.2206	0.1481	0.3466
