ZNF517
A	C	G	T
0.2417	0.2397	0.2387	0.2798
0.0170	0.0000	0.6443	0.3387
0.0030	0.0210	0.9479	0.0280
0.0000	0.0000	0.0401	0.9599
0.0000	0.0000	1.0000	0.0000
0.0000	0.9990	0.0000	0.0010
0.0000	0.0000	1.0000	0.0000
0.0000	0.0000	1.0000	0.0000
0.9449	0.0000	0.0000	0.0551
0.8899	0.0000	0.1101	0.0000
1.0000	0.0000	0.0000	0.0000
0.4369	0.3577	0.2054	0.0000
0.9499	0.0010	0.0411	0.0080
0.9670	0.0000	0.0330	0.0000
0.0000	0.0000	1.0000	0.0000
0.0911	0.0561	0.8529	0.0000
0.0190	0.0000	0.4575	0.5235
0.3818	0.0441	0.3206	0.2535
0.0852	0.7766	0.0060	0.1323
0.0291	0.2766	0.3277	0.3667
