Dbx2
A	C	G	T
0.1386	0.2673	0.2673	0.3267
0.2400	0.0900	0.3200	0.3500
0.2222	0.2424	0.2020	0.3333
0.4444	0.2929	0.0404	0.2222
0.7000	0.0700	0.0800	0.1500
0.1782	0.1188	0.0990	0.6040
0.0600	0.1200	0.0000	0.8200
0.9300	0.0100	0.0200	0.0400
0.9500	0.0100	0.0200	0.0200
0.0300	0.0000	0.0100	0.9600
0.0297	0.0198	0.2871	0.6634
0.7300	0.0100	0.1500	0.1100
0.4444	0.1111	0.2020	0.2424
0.0400	0.0900	0.2800	0.5900
0.2700	0.1600	0.1400	0.4300
0.2800	0.3500	0.1700	0.2000
