HOXC9
A	C	G	T
0.2655	0.1243	0.4531	0.1571
0.1266	0.1932	0.6056	0.0746
0.0994	0.6836	0.0452	0.1718
0.2531	0.5288	0.0011	0.2169
0.7469	0.0034	0.2316	0.0181
0.0000	0.0102	0.0000	0.9898
0.8418	0.0949	0.0395	0.0237
0.9955	0.0000	0.0000	0.0045
0.9932	0.0068	0.0000	0.0000
0.0203	0.0000	0.0000	0.9797
0.0542	0.8079	0.0056	0.1322
0.6407	0.0814	0.0068	0.2712
0.1593	0.3718	0.1808	0.2881
