RREB-1
A	C	G	T
0.2538	0.2548	0.2307	0.2608
0.0351	0.0040	0.9599	0.0010
0.0963	0.0221	0.0211	0.8606
0.0000	0.0000	0.9660	0.0340
0.0000	0.0000	1.0000	0.0000
0.0000	0.9770	0.0230	0.0000
0.4775	0.0000	0.5225	0.0000
0.0000	0.0000	1.0000	0.0000
0.0000	0.0000	1.0000	0.0000
0.0261	0.0030	0.0291	0.9419
0.8186	0.0090	0.1723	0.0000
0.8939	0.0050	0.0000	0.1011
0.9649	0.0010	0.0311	0.0030
0.0000	1.0000	0.0000	0.0000
0.0460	0.0000	0.9540	0.0000
0.0851	0.6707	0.0120	0.2322
