dlx5
A	C	G	T
0.1111	0.2929	0.3737	0.2222
0.1700	0.2900	0.3700	0.1700
0.2828	0.1717	0.4949	0.0505
0.1800	0.1400	0.5900	0.0900
0.0100	0.3800	0.0000	0.6100
0.9700	0.0200	0.0000	0.0100
0.9800	0.0000	0.0100	0.0100
0.0100	0.0100	0.0000	0.9800
0.0100	0.0000	0.0200	0.9700
0.6100	0.0000	0.3800	0.0100
0.1919	0.2525	0.3737	0.1818
0.0505	0.4949	0.1717	0.2828
0.0700	0.1700	0.3700	0.3900
0.2600	0.3400	0.2300	0.1700
0.1500	0.2200	0.2200	0.4100
0.1900	0.2700	0.3500	0.1900
