Pbx1
A	C	G	T
0.2100	0.2800	0.1500	0.3600
0.0606	0.4949	0.1515	0.2929
0.5960	0.0303	0.1414	0.2323
0.1200	0.4000	0.0900	0.3900
0.3700	0.3900	0.1100	0.1300
0.1100	0.7300	0.0900	0.0700
0.8600	0.0200	0.0700	0.0500
0.0300	0.0100	0.0100	0.9500
0.0300	0.9500	0.0100	0.0100
0.9300	0.0300	0.0200	0.0200
0.7400	0.0600	0.0300	0.1700
0.3100	0.0500	0.0600	0.5800
0.3200	0.3200	0.1500	0.2100
0.3900	0.1400	0.0900	0.3800
0.3564	0.1386	0.1485	0.3564
0.2600	0.2900	0.2400	0.2100
0.3700	0.3500	0.2100	0.0700
