ZNF782
A	C	G	T
0.0221	0.0020	0.9729	0.0030
0.2345	0.0000	0.0040	0.7615
0.9980	0.0000	0.0020	0.0000
0.0000	0.0040	0.6944	0.3016
0.0020	0.0000	0.1051	0.8929
0.9009	0.0200	0.0791	0.0000
0.0210	0.0190	0.9599	0.0000
0.0000	0.0000	1.0000	0.0000
1.0000	0.0000	0.0000	0.0000
0.0140	0.0210	0.8046	0.1603
0.0180	0.0000	0.3483	0.6336
0.5105	0.0120	0.4775	0.0000
0.1072	0.0000	0.5150	0.3778
0.9590	0.0000	0.0000	0.0410
0.0000	1.0000	0.0000	0.0000
0.0000	1.0000	0.0000	0.0000
0.0140	0.0050	0.0010	0.9800
0.1091	0.6667	0.2122	0.0120
