Nkx2-4
A	C	G	T
0.2772	0.2079	0.1584	0.3564
0.5000	0.1200	0.1900	0.1900
0.6300	0.0500	0.1300	0.1900
0.2525	0.1717	0.4040	0.1717
0.0900	0.7600	0.1300	0.0200
0.0100	0.8200	0.0000	0.1700
0.8586	0.0101	0.0000	0.1313
0.0202	0.9798	0.0000	0.0000
0.0000	0.0000	0.0000	1.0000
0.0100	0.2200	0.0000	0.7700
0.2772	0.1782	0.5248	0.0198
0.8812	0.0000	0.0297	0.0891
0.4300	0.3800	0.1500	0.0400
0.5152	0.1616	0.0404	0.2828
0.2277	0.1881	0.0495	0.5347
0.1400	0.2500	0.0500	0.5600
