Hbp1
A	C	G	T
0.3465	0.1782	0.1584	0.3168
0.2400	0.3000	0.2300	0.2300
0.3000	0.1800	0.1900	0.3300
0.4141	0.1414	0.1010	0.3434
0.0303	0.0202	0.0000	0.9495
0.0200	0.3300	0.6400	0.0100
0.9700	0.0000	0.0100	0.0200
0.9798	0.0000	0.0000	0.0202
0.0101	0.0000	0.0000	0.9899
0.0100	0.0200	0.9300	0.0400
0.7600	0.0000	0.2300	0.0100
0.8700	0.0400	0.0700	0.0200
0.1111	0.1111	0.0404	0.7374
0.1900	0.1500	0.4400	0.2200
0.3700	0.1500	0.2600	0.2200
0.2200	0.2600	0.2400	0.2800
