Zbtb12
A	C	G	T
0.1616	0.3535	0.2727	0.2121
0.2100	0.2100	0.2200	0.3600
0.3267	0.2178	0.1881	0.2673
0.5100	0.0400	0.4200	0.0300
0.0700	0.2000	0.4100	0.3200
0.0202	0.0000	0.9798	0.0000
0.0198	0.0099	0.0099	0.9604
0.0200	0.0000	0.0100	0.9700
0.0000	1.0000	0.0000	0.0000
0.0000	0.0400	0.0000	0.9600
0.9800	0.0100	0.0100	0.0000
0.0101	0.0000	0.9899	0.0000
0.8400	0.0200	0.1300	0.0100
0.1683	0.1485	0.0891	0.5941
0.0700	0.5800	0.0700	0.2800
0.3800	0.2500	0.2100	0.1600
0.1683	0.3069	0.2277	0.2970
