HoxB5
A	C	G	T
0.5200	0.2300	0.1400	0.1100
0.2700	0.3500	0.1900	0.1900
0.1683	0.0891	0.6436	0.0990
0.1200	0.1500	0.3800	0.3500
0.0100	0.0700	0.0000	0.9200
0.9091	0.0909	0.0000	0.0000
0.9800	0.0100	0.0000	0.0100
0.0100	0.0000	0.0100	0.9800
0.0000	0.0000	0.0909	0.9091
0.9200	0.0000	0.0700	0.0100
0.1900	0.2900	0.4100	0.1100
0.0990	0.6436	0.0891	0.1683
0.2828	0.2525	0.1010	0.3636
0.2800	0.4400	0.1100	0.1700
0.6733	0.0495	0.1386	0.1386
0.2200	0.1600	0.1400	0.4800
