IRF
A	C	G	T
0.0000	0.3077	0.2692	0.4231
0.1923	0.2692	0.1538	0.3846
0.1154	0.5000	0.1538	0.2308
0.5000	0.1154	0.2692	0.1154
0.0385	0.3462	0.4615	0.1538
0.0385	0.0000	0.0385	0.9231
0.0385	0.0000	0.0385	0.9231
0.0000	0.0000	0.0000	1.0000
0.0000	1.0000	0.0000	0.0000
0.6154	0.1154	0.0769	0.1923
0.1154	0.3462	0.2308	0.3077
0.0000	0.0000	0.0385	0.9615
0.0000	0.0000	0.0000	1.0000
0.0769	0.3462	0.0385	0.5385
0.0385	0.5000	0.0385	0.4231
