CUX1
A	C	G	T
0.9147	0.0084	0.0232	0.0537
0.0164	0.0238	0.0107	0.9491
0.0234	0.8963	0.0160	0.0643
0.2895	0.0112	0.6919	0.0075
0.9620	0.0079	0.0121	0.0180
0.0726	0.0286	0.0093	0.8895
0.3688	0.2961	0.1022	0.2328
0.4187	0.2574	0.1581	0.1658
0.2498	0.3091	0.2717	0.1695
0.2377	0.3174	0.2544	0.1905
0.2093	0.1585	0.1941	0.4381
0.3647	0.0675	0.3821	0.1857
0.9249	0.0095	0.0282	0.0374
0.0132	0.0217	0.0115	0.9536
0.0148	0.9431	0.0115	0.0307
0.4072	0.0155	0.5654	0.0118
0.9461	0.0118	0.0157	0.0264
0.0716	0.0183	0.0089	0.9012
