Hmbox1
A	C	G	T
0.2525	0.2323	0.3030	0.2121
0.3663	0.1980	0.0990	0.3366
0.4356	0.0990	0.3366	0.1287
0.4554	0.1485	0.2178	0.1782
0.4700	0.0900	0.1400	0.3000
0.0100	0.8500	0.0200	0.1200
0.0099	0.0099	0.0297	0.9505
0.7071	0.0000	0.2929	0.0000
0.0100	0.0000	0.9900	0.0000
0.0000	0.0000	0.0101	0.9899
0.1100	0.0100	0.0000	0.8800
0.9400	0.0100	0.0200	0.0300
0.6400	0.0600	0.1000	0.2000
0.1300	0.4400	0.1400	0.2900
0.3300	0.1300	0.2600	0.2800
0.2525	0.1111	0.2020	0.4343
0.0700	0.4300	0.3100	0.1900
