GATA-5
A	C	G	T
0.3300	0.1900	0.1100	0.3700
0.4000	0.1400	0.1700	0.2900
0.3900	0.1500	0.1800	0.2800
0.4100	0.1300	0.2600	0.2000
0.0600	0.6300	0.1200	0.1900
0.1800	0.0800	0.0000	0.7400
0.0000	0.0000	1.0000	0.0000
1.0000	0.0000	0.0000	0.0000
0.0100	0.0000	0.0000	0.9900
0.9600	0.0100	0.0000	0.0300
0.9604	0.0099	0.0099	0.0198
0.0495	0.1485	0.7723	0.0297
0.4851	0.1287	0.3366	0.0495
0.4200	0.1800	0.2700	0.1300
0.2277	0.1980	0.3267	0.2475
0.4800	0.1400	0.1600	0.2200
0.2300	0.2200	0.2300	0.3200
