HSF4
A	C	G	T
0.1358	0.0726	0.0790	0.7126
0.0613	0.0077	0.0830	0.8480
0.0091	0.9734	0.0107	0.0068
0.0035	0.2444	0.1836	0.5684
0.5326	0.2123	0.2534	0.0017
0.0003	0.0012	0.9977	0.0008
0.8542	0.0706	0.0042	0.0710
0.8051	0.0331	0.0295	0.1323
0.1347	0.3661	0.2169	0.2822
0.2585	0.2205	0.3303	0.1907
0.1093	0.0236	0.0319	0.8353
0.0302	0.0075	0.0128	0.9494
0.0094	0.9608	0.0095	0.0203
