ZNF544
A	C	G	T
0.2497	0.2497	0.2508	0.2497
0.0591	0.0000	0.3884	0.5526
0.0420	0.7688	0.1892	0.0000
0.2993	0.5866	0.1141	0.0000
0.0230	0.0000	0.5070	0.4699
0.8707	0.0010	0.1283	0.0000
1.0000	0.0000	0.0000	0.0000
0.7267	0.2733	0.0000	0.0000
0.0000	0.0070	0.9930	0.0000
0.3908	0.6062	0.0020	0.0010
0.9729	0.0000	0.0271	0.0000
0.8758	0.0000	0.0000	0.1242
0.0000	0.9950	0.0000	0.0050
0.0000	1.0000	0.0000	0.0000
0.0000	0.8478	0.1481	0.0040
0.0461	0.3597	0.5932	0.0010
0.1453	0.6643	0.0060	0.1844
0.2056	0.3310	0.3842	0.0792
0.1685	0.8014	0.0171	0.0130
