Rfx3
A	C	G	T
0.0896	0.3893	0.4130	0.1081
0.0019	0.0014	0.9967	0.0000
0.0006	0.0018	0.0012	0.9964
0.0894	0.0198	0.0012	0.8896
0.2750	0.0066	0.6707	0.0478
0.0000	0.8860	0.0048	0.1092
0.0009	0.8455	0.0000	0.1536
0.9823	0.0000	0.0062	0.0115
0.0057	0.0029	0.0017	0.9897
0.1515	0.0000	0.8485	0.0000
0.0853	0.0000	0.9138	0.0010
0.0470	0.6017	0.0104	0.3409
0.9185	0.0008	0.0444	0.0362
0.9965	0.0009	0.0000	0.0026
0.0000	0.9782	0.0020	0.0198
0.1291	0.2248	0.5857	0.0604
