PAX6
A	C	G	T
0.1704	0.0979	0.2087	0.5230
0.1002	0.0763	0.0576	0.7659
0.2763	0.0195	0.0551	0.6490
0.0304	0.7049	0.0160	0.2487
0.7963	0.1571	0.0343	0.0122
0.0000	0.9192	0.0013	0.0795
0.0094	0.0000	0.9898	0.0007
0.0007	0.9338	0.0656	0.0000
0.5451	0.0574	0.0027	0.3949
0.0077	0.0537	0.0000	0.9386
0.0018	0.2108	0.7833	0.0041
0.8219	0.0000	0.1781	0.0000
0.2732	0.3577	0.2285	0.1407
0.0061	0.0729	0.0061	0.9149
0.1133	0.0013	0.8348	0.0506
0.4385	0.4477	0.1131	0.0008
0.4161	0.0950	0.3057	0.1832
0.0200	0.6372	0.0061	0.3367
0.4102	0.1948	0.0592	0.3357
