HOXB6
A	C	G	T
0.2871	0.1386	0.0594	0.5149
0.5446	0.0990	0.0792	0.2772
0.1800	0.0400	0.1800	0.6000
0.1782	0.0990	0.3465	0.3762
0.1700	0.3000	0.3300	0.2000
0.0707	0.1111	0.6768	0.1414
0.0200	0.2000	0.0200	0.7600
0.8300	0.1200	0.0200	0.0300
0.9596	0.0101	0.0101	0.0202
0.0202	0.0101	0.0101	0.9596
0.0300	0.0200	0.1200	0.8300
0.7600	0.0200	0.2000	0.0200
0.1100	0.7400	0.0600	0.0900
0.2000	0.3300	0.3000	0.1700
0.2600	0.1300	0.2900	0.3200
0.1800	0.2500	0.2400	0.3300
