ZNF616
A	C	G	T
0.5772	0.0090	0.3677	0.0461
0.0000	0.0000	0.1111	0.8889
0.0000	0.0000	1.0000	0.0000
0.0361	0.0000	0.9629	0.0010
0.0000	0.0130	0.0792	0.9078
0.0000	0.0000	1.0000	0.0000
0.0080	0.2986	0.6934	0.0000
0.4068	0.1082	0.4729	0.0120
0.0130	0.0040	0.9530	0.0300
0.6673	0.0651	0.2655	0.0020
0.0050	0.2184	0.0010	0.7756
0.0000	0.1122	0.8637	0.0240
0.0050	0.7595	0.2074	0.0281
0.0000	0.9900	0.0100	0.0000
0.6192	0.3517	0.0080	0.0210
