TEAD3
A	C	G	T
0.4952	0.0199	0.4447	0.0402
0.1484	0.8165	0.0319	0.0032
0.9656	0.0028	0.0297	0.0018
0.0032	0.0025	0.0040	0.9903
0.1642	0.0035	0.0621	0.7702
0.0191	0.9127	0.0428	0.0254
0.0168	0.7184	0.0160	0.2489
0.3418	0.0633	0.1948	0.4001
0.2530	0.2915	0.1819	0.2736
0.3918	0.0235	0.4183	0.1663
0.1919	0.7344	0.0721	0.0016
0.9549	0.0031	0.0403	0.0017
0.0040	0.0025	0.0035	0.9901
0.3089	0.0039	0.0854	0.6018
0.0369	0.8850	0.0461	0.0321
0.0205	0.8106	0.0094	0.1596
0.3914	0.0674	0.2479	0.2933
