Znf689
A	C	G	T
0.3617	0.2064	0.2285	0.2034
0.0000	0.0020	0.0000	0.9980
0.4539	0.0020	0.2275	0.3166
0.9550	0.0430	0.0010	0.0010
0.3267	0.2575	0.4158	0.0000
0.0000	0.4399	0.5591	0.0010
0.2926	0.0000	0.0030	0.7044
0.0000	0.1954	0.7164	0.0882
0.9669	0.0000	0.0331	0.0000
0.6102	0.0000	0.0050	0.3848
0.0030	0.0090	0.1232	0.8647
0.0000	0.0030	0.0040	0.9930
0.0000	1.0000	0.0000	0.0000
0.0000	0.0000	1.0000	0.0000
0.8519	0.0000	0.1481	0.0000
0.9820	0.0170	0.0000	0.0010
0.0170	0.0571	0.0180	0.9078
