FOXO6
A	C	G	T
0.1734	0.0044	0.8108	0.0114
0.0420	0.0310	0.0219	0.9051
0.8054	0.1475	0.0105	0.0366
0.9141	0.0469	0.0100	0.0290
0.9609	0.0000	0.0273	0.0119
0.0029	0.9642	0.0010	0.0319
0.9330	0.0069	0.0127	0.0473
0.0043	0.0014	0.0000	0.9942
0.0236	0.0019	0.9725	0.0019
0.0000	0.0000	0.0014	0.9986
0.0109	0.0103	0.0232	0.9556
0.0132	0.0023	0.2283	0.7562
0.8732	0.0000	0.0489	0.0779
0.0000	0.7498	0.0173	0.2330
