Nkx6-3
A	C	G	T
0.2100	0.1700	0.4300	0.1900
0.3838	0.2323	0.2222	0.1616
0.3100	0.2100	0.1700	0.3100
0.4600	0.1000	0.1000	0.3400
0.6733	0.0297	0.0198	0.2772
0.1782	0.0198	0.0297	0.7723
0.0100	0.0700	0.0000	0.9200
0.9802	0.0000	0.0099	0.0099
0.9800	0.0000	0.0100	0.0100
0.0202	0.0000	0.0000	0.9798
0.0100	0.0200	0.2500	0.7200
0.8485	0.0000	0.1212	0.0303
0.3000	0.3500	0.2300	0.1200
0.0900	0.1900	0.1600	0.5600
0.1400	0.2200	0.3100	0.3300
0.1919	0.2626	0.2323	0.3131
0.0800	0.2200	0.4500	0.2500
