Hdx
A	C	G	T
0.3131	0.2020	0.2121	0.2727
0.3400	0.1800	0.2600	0.2200
0.0495	0.0891	0.5149	0.3465
0.2000	0.1200	0.3500	0.3300
0.2970	0.3069	0.1584	0.2376
0.2121	0.0202	0.7273	0.0404
0.7000	0.2300	0.0500	0.0200
0.8300	0.0100	0.0600	0.1000
0.9109	0.0099	0.0297	0.0495
0.0200	0.0200	0.0300	0.9300
0.0300	0.9000	0.0400	0.0300
0.8687	0.0404	0.0101	0.0808
0.1782	0.2178	0.1584	0.4455
0.2300	0.3300	0.2000	0.2400
0.1386	0.2970	0.3069	0.2574
0.3366	0.3465	0.0594	0.2574
0.4000	0.2300	0.1900	0.1800
