FOXJ2
A	C	G	T
0.2051	0.0218	0.7709	0.0023
0.0631	0.0282	0.0086	0.9000
0.8592	0.1159	0.0006	0.0243
0.9719	0.0117	0.0013	0.0150
0.9905	0.0036	0.0018	0.0041
0.0061	0.8800	0.0009	0.1130
0.9941	0.0009	0.0018	0.0032
0.6506	0.0055	0.3396	0.0044
0.1577	0.0211	0.0051	0.8161
0.6300	0.3118	0.0150	0.0432
0.9464	0.0322	0.0121	0.0093
0.8922	0.0716	0.0147	0.0215
0.0873	0.8450	0.0042	0.0635
0.9701	0.0054	0.0146	0.0099
