Gsc
A	C	G	T
0.4700	0.1600	0.1300	0.2400
0.3366	0.2178	0.2376	0.2079
0.3960	0.1287	0.0495	0.4257
0.2600	0.4600	0.1000	0.1800
0.2800	0.1100	0.5200	0.0900
0.0700	0.4000	0.0100	0.5200
0.0300	0.0000	0.0000	0.9700
0.9900	0.0000	0.0100	0.0000
1.0000	0.0000	0.0000	0.0000
0.0000	0.0000	0.0100	0.9900
0.0099	0.9604	0.0000	0.0297
0.0000	0.9596	0.0000	0.0404
0.0300	0.4400	0.4000	0.1300
0.0800	0.3600	0.0800	0.4800
0.2200	0.1200	0.2400	0.4200
0.2600	0.2300	0.1200	0.3900
0.3131	0.3131	0.2626	0.1111
