EBF1
A	C	G	T
0.7189	0.0745	0.1075	0.0991
0.1663	0.1786	0.2162	0.4388
0.0204	0.1280	0.0000	0.8516
0.0000	0.9974	0.0019	0.0006
0.0019	0.9841	0.0025	0.0115
0.0000	0.9961	0.0000	0.0039
0.3638	0.2531	0.0408	0.3424
0.5032	0.0499	0.1347	0.3122
0.0134	0.0038	0.9828	0.0000
0.0645	0.0048	0.9307	0.0000
0.0038	0.0000	0.9822	0.0140
0.9251	0.0102	0.0503	0.0144
0.3912	0.3795	0.0939	0.1354
0.1619	0.2358	0.0525	0.5499
