RBAK
A	C	G	T
0.8838	0.0551	0.0120	0.0491
0.0000	0.0000	0.3363	0.6637
0.0000	0.0000	1.0000	0.0000
0.4770	0.1022	0.0741	0.3467
0.1142	0.3216	0.0120	0.5521
0.9970	0.0020	0.0010	0.0000
0.8949	0.1051	0.0000	0.0000
1.0000	0.0000	0.0000	0.0000
0.0571	0.7655	0.0240	0.1533
0.2014	0.2545	0.2715	0.2725
0.2873	0.2533	0.2172	0.2422
0.1864	0.3557	0.2876	0.1703
0.1573	0.1844	0.6132	0.0451
1.0000	0.0000	0.0000	0.0000
0.0080	0.0010	0.0070	0.9840
0.0070	0.0120	0.6329	0.3480
0.9540	0.0000	0.0010	0.0450
0.9880	0.0080	0.0010	0.0030
0.9690	0.0310	0.0000	0.0000
0.1612	0.0000	0.0000	0.8388
0.2094	0.4098	0.0972	0.2836
0.0541	0.1443	0.4269	0.3747
0.0000	0.9439	0.0311	0.0251
0.0110	0.8758	0.1102	0.0030
0.0000	0.0000	1.0000	0.0000
