Dbx-1
A	C	G	T
0.1900	0.2300	0.1600	0.4200
0.6100	0.0700	0.0500	0.2700
0.4554	0.0594	0.3069	0.1782
0.2277	0.1287	0.0990	0.5446
0.2400	0.2300	0.0700	0.4600
0.6200	0.1400	0.0800	0.1600
0.7400	0.0300	0.0500	0.1800
0.1100	0.1000	0.0700	0.7200
0.1300	0.1100	0.0400	0.7200
0.7300	0.0300	0.0900	0.1500
0.5400	0.1000	0.0500	0.3100
0.1980	0.1485	0.0990	0.5545
0.5900	0.0700	0.1700	0.1700
0.5000	0.1600	0.2200	0.1200
0.2800	0.1100	0.1400	0.4700
0.2970	0.1881	0.1881	0.3267
0.4000	0.1400	0.2900	0.1700
