ZNF695
A	C	G	T
0.0160	0.1552	0.8168	0.0120
0.0030	0.0000	0.8958	0.1012
0.6974	0.1263	0.1703	0.0060
0.0461	0.0000	0.8958	0.0581
0.0000	0.0000	0.3023	0.6977
0.0000	0.0000	0.0000	1.0000
0.0020	0.0010	0.9007	0.0963
0.9990	0.0000	0.0010	0.0000
0.0391	0.7064	0.2255	0.0291
0.0000	0.9950	0.0050	0.0000
0.9730	0.0000	0.0270	0.0000
0.0030	0.9208	0.0000	0.0762
0.0070	0.7695	0.0521	0.1713
0.0080	0.0000	0.8208	0.1712
0.0932	0.0110	0.8958	0.0000
