CTCF
A	C	G	T
0.4553	0.0458	0.1455	0.3533
0.1737	0.0248	0.7593	0.0422
0.0000	0.9410	0.0000	0.0590
0.0051	0.0000	0.9881	0.0068
0.0623	0.9324	0.0008	0.0045
0.0045	0.9955	0.0000	0.0000
0.5076	0.4534	0.0180	0.0210
0.0079	0.6408	0.0000	0.3513
0.0000	0.9999	0.0001	0.0000
0.0026	0.0034	0.0016	0.9924
0.7637	0.0210	0.1174	0.0979
0.0073	0.1314	0.7992	0.0621
0.0138	0.3880	0.0000	0.5983
0.0002	0.0000	0.9857	0.0141
0.0398	0.0112	0.7314	0.2177
0.1520	0.2820	0.0082	0.5579
0.3644	0.3105	0.2124	0.1126
