HOXD10
A	C	G	T
0.4100	0.2900	0.2200	0.0800
0.4000	0.1000	0.3300	0.1700
0.0500	0.1900	0.3400	0.4200
0.2400	0.2300	0.3200	0.2100
0.0300	0.5500	0.0100	0.4100
0.7100	0.2300	0.0200	0.0400
0.8384	0.0101	0.0202	0.1313
0.0099	0.0297	0.0099	0.9505
0.8182	0.0000	0.0000	0.1818
0.9596	0.0000	0.0000	0.0404
0.9208	0.0099	0.0099	0.0594
0.8416	0.0594	0.0693	0.0297
0.1919	0.2424	0.0505	0.5152
0.2700	0.0800	0.2400	0.4100
0.3366	0.1287	0.1881	0.3465
0.4100	0.1200	0.1900	0.2800
0.2800	0.2400	0.1600	0.3200
