FOXJ3
A	C	G	T
0.1514	0.0072	0.8414	0.0000
0.0438	0.0114	0.0016	0.9432
0.8488	0.0790	0.0158	0.0564
0.9706	0.0123	0.0123	0.0049
0.9590	0.0000	0.0000	0.0410
0.0249	0.8605	0.0150	0.0997
0.9681	0.0196	0.0000	0.0123
0.6404	0.0000	0.3596	0.0000
0.0382	0.0000	0.0000	0.9618
0.7128	0.2277	0.0404	0.0191
0.9585	0.0390	0.0024	0.0000
0.9500	0.0286	0.0000	0.0214
0.0178	0.9680	0.0000	0.0142
0.9665	0.0215	0.0000	0.0120
