ZNF667
A	C	G	T
0.0120	0.0060	0.8216	0.1603
0.9409	0.0020	0.0271	0.0301
0.0471	0.0361	0.8997	0.0171
0.0000	0.0000	0.0470	0.9530
0.0231	0.0481	0.1795	0.7492
0.0000	0.4128	0.5431	0.0441
1.0000	0.0000	0.0000	0.0000
1.0000	0.0000	0.0000	0.0000
0.0000	0.0000	0.0000	1.0000
0.9830	0.0000	0.0170	0.0000
1.0000	0.0000	0.0000	0.0000
1.0000	0.0000	0.0000	0.0000
0.0000	0.0010	0.0310	0.9680
0.8407	0.0000	0.0150	0.1443
0.0000	0.0280	0.9219	0.0501
0.0010	0.0942	0.7876	0.1172
0.0000	0.0000	1.0000	0.0000
0.0431	0.0000	0.0000	0.9569
