TFCP2
A	C	G	T
0.6742	0.0000	0.0484	0.2774
0.0000	0.9720	0.0280	0.0000
0.0085	0.7797	0.0042	0.2076
0.1230	0.0000	0.8455	0.0315
0.0000	0.0000	0.9967	0.0033
0.3028	0.0637	0.0062	0.6273
0.2332	0.0350	0.0233	0.7085
0.1404	0.2606	0.1235	0.4755
0.5367	0.1086	0.2204	0.1342
0.7375	0.0498	0.1429	0.0698
0.6677	0.0252	0.1370	0.1701
0.0426	0.7936	0.1000	0.0638
0.0677	0.5264	0.0380	0.3680
0.1670	0.0245	0.7169	0.0917
0.0581	0.0581	0.8360	0.0478
0.2712	0.0940	0.0408	0.5940
