NFATC1
A	C	G	T
0.4953	0.1807	0.1899	0.1340
0.6339	0.0293	0.3063	0.0305
0.0138	0.2257	0.0146	0.7459
0.0014	0.0000	0.9967	0.0019
0.0068	0.0003	0.9930	0.0000
0.9946	0.0006	0.0045	0.0002
0.9965	0.0000	0.0022	0.0013
0.9021	0.0544	0.0002	0.0433
0.4134	0.2919	0.2143	0.0804
0.3861	0.0677	0.0198	0.5264
0.3282	0.1334	0.1417	0.3968
0.5323	0.1668	0.0654	0.2355
0.2596	0.1482	0.1173	0.4749
0.0644	0.0597	0.1861	0.6897
0.0087	0.0017	0.0281	0.9615
0.0000	0.0006	0.0000	0.9994
0.0000	0.5372	0.0017	0.4610
0.0000	0.9855	0.0007	0.0137
0.3861	0.5117	0.0969	0.0053
0.3305	0.0596	0.2073	0.4027
