Barx-2
A	C	G	T
0.1900	0.1500	0.1500	0.5100
0.5100	0.1700	0.1200	0.2000
0.6364	0.1111	0.2323	0.0202
0.1089	0.1980	0.3861	0.3069
0.0100	0.2700	0.0000	0.7200
0.9600	0.0300	0.0000	0.0100
0.9800	0.0100	0.0000	0.0100
0.0100	0.0000	0.0100	0.9800
0.0100	0.0000	0.0300	0.9600
0.7200	0.0000	0.2700	0.0100
0.2700	0.2300	0.3500	0.1500
0.0202	0.2323	0.1111	0.6364
0.1000	0.1000	0.3800	0.4200
0.3400	0.1000	0.3200	0.2400
0.1782	0.1980	0.1089	0.5149
0.3838	0.1111	0.3333	0.1717
