GATA-6
A	C	G	T
0.3884	0.1401	0.2072	0.2643
0.0000	0.0350	0.0080	0.9570
0.0000	0.0000	0.7588	0.2412
0.0000	0.0000	0.0000	1.0000
0.0000	0.0000	0.0000	1.0000
0.0210	0.0000	0.0000	0.9790
1.0000	0.0000	0.0000	0.0000
0.3574	0.0020	0.0000	0.6406
0.1934	0.7345	0.0060	0.0661
0.3627	0.0000	0.0591	0.5782
0.0000	0.0000	0.0000	1.0000
0.7097	0.0000	0.0000	0.2903
1.0000	0.0000	0.0000	0.0000
0.9960	0.0000	0.0000	0.0040
0.9580	0.0380	0.0020	0.0020
0.8086	0.1563	0.0351	0.0000
0.7305	0.0010	0.0060	0.2625
0.8978	0.0361	0.0481	0.0180
