ETV6
A	C	G	T
0.0974	0.6574	0.1719	0.0733
0.1402	0.7742	0.0507	0.0350
0.0137	0.0275	0.9373	0.0215
0.0446	0.0406	0.9003	0.0144
0.9789	0.0033	0.0060	0.0119
0.9667	0.0193	0.0091	0.0048
0.1046	0.3990	0.4958	0.0006
0.0237	0.9085	0.0024	0.0654
0.0056	0.0004	0.9936	0.0004
0.0008	0.0004	0.9989	0.0000
0.9788	0.0008	0.0185	0.0019
0.9938	0.0027	0.0016	0.0019
0.1027	0.0175	0.8784	0.0014
0.0042	0.3213	0.0156	0.6588
0.3478	0.1164	0.4567	0.0792
