rfx1
A	C	G	T
0.1356	0.0734	0.7166	0.0744
0.0271	0.1038	0.1763	0.6927
0.0678	0.3896	0.0613	0.4813
0.1969	0.2025	0.3564	0.2442
0.0173	0.8176	0.0449	0.1202
0.0000	0.9579	0.0000	0.0421
0.5865	0.1880	0.0341	0.1913
0.0645	0.0538	0.0449	0.8368
0.2825	0.0000	0.7175	0.0000
0.0870	0.0000	0.9130	0.0000
0.1342	0.7998	0.0056	0.0603
0.8386	0.0000	0.1141	0.0472
0.9738	0.0000	0.0262	0.0000
0.0000	1.0000	0.0000	0.0000
