MAFG
A	C	G	T
0.4411	0.1202	0.1918	0.2469
0.4854	0.0709	0.1061	0.3376
0.4056	0.1252	0.1138	0.3554
0.2958	0.1709	0.2253	0.3080
0.0561	0.1705	0.0209	0.7525
0.0060	0.0108	0.9807	0.0026
0.0995	0.8704	0.0016	0.0284
0.0677	0.0802	0.0222	0.8299
0.0460	0.0242	0.8120	0.1177
0.8632	0.0492	0.0192	0.0684
0.0815	0.3914	0.4411	0.0860
0.0579	0.0160	0.0673	0.8587
0.1213	0.7884	0.0335	0.0568
0.7916	0.0226	0.1042	0.0815
0.0233	0.0035	0.8891	0.0841
0.0026	0.9622	0.0241	0.0110
0.6901	0.0176	0.2197	0.0726
0.3254	0.1873	0.1579	0.3294
0.4093	0.0923	0.1451	0.3533
0.4014	0.1011	0.0918	0.4057
0.2690	0.1770	0.1194	0.4346
