LHX9
A	C	G	T
0.0534	0.0114	0.0076	0.9276
0.9299	0.0064	0.0268	0.0369
0.9371	0.0180	0.0270	0.0180
0.0250	0.0762	0.0683	0.8305
0.1242	0.0747	0.1668	0.6342
0.2865	0.0080	0.6908	0.0147
0.1542	0.7660	0.0000	0.0797
0.0148	0.5094	0.0040	0.4718
0.7094	0.1662	0.0204	0.1040
0.9206	0.0328	0.0315	0.0151
0.0000	0.0187	0.0040	0.9772
0.0130	0.0337	0.0078	0.9456
0.9252	0.0051	0.0266	0.0431
