MGA
A	C	G	T
0.8438	0.0077	0.1074	0.0411
0.0908	0.0566	0.8053	0.0473
0.0000	0.0063	0.9932	0.0005
0.0004	0.0891	0.0009	0.9096
0.0005	0.0005	0.9986	0.0005
0.0365	0.0917	0.0041	0.8677
0.0262	0.0233	0.6806	0.2699
0.9872	0.0014	0.0100	0.0014
0.3443	0.3022	0.1020	0.2515
0.2772	0.1144	0.3110	0.2975
0.0028	0.0009	0.0000	0.9963
0.3433	0.6140	0.0117	0.0311
0.8995	0.0091	0.0633	0.0280
0.0000	1.0000	0.0000	0.0000
0.9397	0.0007	0.0597	0.0000
0.0006	0.9917	0.0070	0.0006
0.0139	0.7031	0.1119	0.1711
0.0554	0.1456	0.0099	0.7891
