FOXO1
A	C	G	T
0.3069	0.0218	0.6693	0.0020
0.0965	0.0110	0.0066	0.8860
0.8348	0.1652	0.0000	0.0000
0.9712	0.0256	0.0000	0.0032
0.9936	0.0032	0.0000	0.0032
0.0000	0.9406	0.0035	0.0559
0.9780	0.0031	0.0063	0.0126
0.0069	0.0023	0.0000	0.9907
0.0325	0.0000	0.9657	0.0018
0.0000	0.0000	0.0000	1.0000
0.0023	0.0023	0.0161	0.9793
0.0000	0.0000	0.1279	0.8721
0.9145	0.0147	0.0354	0.0354
0.0063	0.8829	0.0000	0.1108
