PAX2
A	C	G	T
0.1034	0.4867	0.2997	0.1102
0.0045	0.0012	0.9534	0.0409
0.0812	0.0340	0.0036	0.8811
0.0040	0.8244	0.0014	0.1702
0.9105	0.0693	0.0122	0.0080
0.0154	0.8565	0.0039	0.1242
0.0159	0.0014	0.9813	0.0014
0.0005	0.7555	0.2437	0.0003
0.3801	0.0505	0.0288	0.5406
0.0072	0.1927	0.0000	0.8001
0.0026	0.3871	0.5799	0.0304
0.7467	0.0011	0.2520	0.0002
0.1422	0.3242	0.3138	0.2198
0.0127	0.1599	0.0092	0.8181
0.2240	0.0015	0.7571	0.0173
0.3937	0.4160	0.1889	0.0013
0.2369	0.2044	0.2558	0.3029
0.0056	0.5910	0.0187	0.3847
