GMEB-1
A	C	G	T
0.1700	0.2600	0.3500	0.2200
0.3400	0.3100	0.1500	0.2000
0.1100	0.2300	0.3500	0.3100
0.1300	0.2200	0.2900	0.3600
0.1300	0.0700	0.4000	0.4000
0.0495	0.0396	0.3267	0.5842
0.7100	0.0100	0.2800	0.0000
0.0000	0.9900	0.0000	0.0100
0.0100	0.0000	0.9900	0.0000
0.0000	0.2800	0.0100	0.7100
0.5842	0.3267	0.0396	0.0495
0.4000	0.4000	0.0700	0.1300
0.2100	0.2300	0.3700	0.1900
0.4356	0.1485	0.1782	0.2376
0.1800	0.2600	0.2300	0.3300
0.2727	0.2121	0.3131	0.2020
0.2400	0.2500	0.2700	0.2400
