Hic1
A	C	G	T
0.3670	0.0505	0.5368	0.0456
0.0003	0.0036	0.0042	0.9919
0.0406	0.0021	0.9567	0.0006
0.0000	0.9897	0.0099	0.0003
0.0021	0.9972	0.0004	0.0004
0.8511	0.1058	0.0033	0.0398
0.3210	0.2586	0.3844	0.0361
0.0174	0.9115	0.0329	0.0382
0.0612	0.5839	0.0779	0.2770
0.0596	0.3108	0.1903	0.4393
0.5531	0.0120	0.4160	0.0189
0.0000	0.0036	0.0015	0.9949
0.0411	0.0036	0.9550	0.0003
0.0000	0.9813	0.0167	0.0020
0.0007	0.9851	0.0139	0.0003
0.7703	0.1996	0.0034	0.0267
0.4339	0.2088	0.2407	0.1165
0.0297	0.8707	0.0267	0.0730
