ELF1
A	C	G	T
0.7252	0.0382	0.0076	0.2290
0.8760	0.0465	0.0310	0.0465
0.1240	0.7519	0.0000	0.1240
0.0382	0.8779	0.0840	0.0000
0.0000	0.9360	0.0480	0.0160
0.0057	0.0000	0.9943	0.0000
0.0000	0.0000	0.9719	0.0281
0.9915	0.0000	0.0000	0.0085
0.9370	0.0000	0.0079	0.0551
0.0565	0.0000	0.9435	0.0000
0.0194	0.0323	0.0516	0.8968
0.3310	0.0759	0.5586	0.0345
