Thap1
A	C	G	T
0.0500	0.5300	0.2700	0.1500
0.1200	0.6300	0.1600	0.0900
0.0900	0.0200	0.8600	0.0300
0.0100	0.9900	0.0000	0.0000
0.0000	1.0000	0.0000	0.0000
0.9800	0.0200	0.0000	0.0000
0.0000	0.0200	0.0000	0.9800
0.0600	0.4900	0.2800	0.1700
0.0100	0.0300	0.0000	0.9600
0.0000	0.0700	0.0000	0.9300
0.1100	0.0500	0.5200	0.3200
0.2800	0.0600	0.5600	0.1000
0.3000	0.1600	0.1700	0.3700
0.1300	0.0400	0.1000	0.7300
0.3200	0.2300	0.3000	0.1500
0.4100	0.3800	0.0700	0.1400
0.0100	0.0000	0.7000	0.2900
0.0000	0.0000	0.9900	0.0100
0.0200	0.0000	0.9400	0.0400
0.0400	0.8900	0.0000	0.0700
0.6800	0.0200	0.2400	0.0600
0.3800	0.1000	0.4700	0.0500
0.4200	0.2500	0.2700	0.0600
0.3000	0.1400	0.3300	0.2300
