LEF1
A	C	G	T
0.5499	0.1272	0.1967	0.1263
0.6887	0.0273	0.2177	0.0662
0.9269	0.0093	0.0452	0.0186
0.0038	0.1857	0.8081	0.0023
0.9735	0.0000	0.0056	0.0209
0.0099	0.0033	0.0000	0.9868
0.0140	0.9322	0.0489	0.0050
0.9944	0.0000	0.0000	0.0056
0.9944	0.0000	0.0056	0.0000
0.9767	0.0000	0.0178	0.0055
0.0293	0.0213	0.9493	0.0000
0.1453	0.1357	0.6276	0.0914
0.2680	0.1422	0.4848	0.1049
0.4124	0.0708	0.0989	0.4180
0.3812	0.0990	0.0802	0.4396
