Nkx5-2
A	C	G	T
0.5000	0.2000	0.2300	0.0700
0.1900	0.4400	0.2300	0.1400
0.5500	0.1900	0.1700	0.0900
0.7624	0.0594	0.1188	0.0594
0.1700	0.1500	0.5700	0.1100
0.0101	0.9798	0.0000	0.0101
0.8500	0.0000	0.1500	0.0000
0.8500	0.1300	0.0100	0.0100
0.0100	0.0000	0.0000	0.9900
0.0198	0.0594	0.0000	0.9208
0.9394	0.0000	0.0101	0.0505
0.8900	0.0100	0.0200	0.0800
0.3600	0.1900	0.1100	0.3400
0.2475	0.2079	0.4059	0.1386
0.4100	0.2700	0.2700	0.0500
0.4700	0.1000	0.2500	0.1800
0.0909	0.0707	0.0909	0.7475
