ETS1
A	C	G	T
0.0601	0.0338	0.8814	0.0248
0.0389	0.9400	0.0207	0.0005
0.1317	0.8668	0.0015	0.0000
0.0017	0.0000	0.9983	0.0000
0.0003	0.0000	0.9997	0.0000
0.9849	0.0000	0.0055	0.0096
0.4213	0.0035	0.0004	0.5749
0.1358	0.0006	0.8573	0.0063
0.0035	0.2079	0.1074	0.6812
0.6107	0.2657	0.1232	0.0005
0.0010	0.9283	0.0016	0.0691
0.1329	0.0015	0.0000	0.8656
0.0025	0.0004	0.0000	0.9972
0.0011	0.9989	0.0000	0.0000
0.0005	0.9973	0.0011	0.0011
0.0067	0.0209	0.9045	0.0679
0.0169	0.1550	0.6844	0.1437
0.1921	0.3267	0.1329	0.3483
