Nkx2-9
A	C	G	T
0.2500	0.0800	0.1600	0.5100
0.1500	0.2000	0.1200	0.5300
0.2323	0.1515	0.0707	0.5455
0.3200	0.1000	0.2400	0.3400
0.6700	0.0000	0.3100	0.0200
0.8700	0.0100	0.0900	0.0300
0.0099	0.0297	0.9505	0.0099
0.0000	0.2222	0.0000	0.7778
0.7778	0.0000	0.2222	0.0000
0.0099	0.9505	0.0297	0.0099
0.0300	0.0900	0.0100	0.8700
0.0200	0.3100	0.0000	0.6700
0.4141	0.1717	0.2525	0.1616
0.7980	0.0202	0.0505	0.1313
0.5960	0.1212	0.1010	0.1818
0.2400	0.1200	0.2100	0.4300
0.1485	0.3564	0.1287	0.3663
