Meis3
A	C	G	T
0.0404	0.0256	0.0053	0.9287
0.0028	0.0666	0.9289	0.0016
0.9089	0.0051	0.0276	0.0584
0.0046	0.9498	0.0290	0.0166
0.9853	0.0020	0.0109	0.0018
0.0691	0.0050	0.7944	0.1315
0.0293	0.4115	0.5420	0.0171
0.0033	0.0113	0.0062	0.9792
0.0149	0.0072	0.9504	0.0274
0.0824	0.0363	0.0116	0.8696
0.0032	0.8965	0.0866	0.0138
0.8797	0.0225	0.0556	0.0423
