ESR2
A	C	G	T
0.2185	0.4510	0.1765	0.1541
0.4426	0.1429	0.1148	0.2997
0.5210	0.0420	0.4314	0.0056
0.0756	0.0000	0.7703	0.1541
0.0504	0.0560	0.8936	0.0000
0.0364	0.0532	0.0924	0.8179
0.0000	1.0000	0.0000	0.0000
0.9440	0.0028	0.0000	0.0532
0.1373	0.3445	0.3165	0.2017
0.1793	0.1765	0.4174	0.2269
0.1457	0.1709	0.4118	0.2717
0.0588	0.0924	0.0672	0.7815
0.1765	0.0700	0.7423	0.0112
0.4986	0.2773	0.0532	0.1709
0.0952	0.7507	0.0056	0.1485
0.1289	0.8095	0.0000	0.0616
0.0756	0.2521	0.0000	0.6723
0.1681	0.2633	0.3810	0.1877
