SF-1
A	C	G	T
0.1386	0.3069	0.3564	0.1980
0.1485	0.3267	0.0792	0.4455
0.0680	0.7379	0.1456	0.0485
0.9029	0.0000	0.0971	0.0000
0.9231	0.0096	0.0288	0.0385
0.0000	0.0000	1.0000	0.0000
0.0096	0.0192	0.9519	0.0192
0.1346	0.3654	0.0385	0.4615
0.0481	0.6058	0.0865	0.2596
0.6923	0.0962	0.1442	0.0673
0.2079	0.2475	0.3267	0.2178
0.2400	0.2300	0.3800	0.1500
0.2600	0.1700	0.3600	0.2100
0.2551	0.2449	0.2551	0.2449
