Six-3
A	C	G	T
0.3333	0.0909	0.3636	0.2121
0.7200	0.0800	0.0800	0.1200
0.2300	0.0500	0.1700	0.5500
0.4747	0.1010	0.3232	0.1010
0.0700	0.0700	0.8200	0.0400
0.0198	0.0198	0.8911	0.0693
0.1600	0.0100	0.8300	0.0000
0.0000	0.0000	0.0404	0.9596
0.9700	0.0000	0.0300	0.0000
0.0000	0.0000	0.0000	1.0000
0.0101	0.9798	0.0000	0.0101
0.9200	0.0300	0.0300	0.0200
0.1900	0.4500	0.0900	0.2700
0.2500	0.2300	0.2000	0.3200
0.4040	0.0808	0.1111	0.4040
0.3366	0.2178	0.1782	0.2673
0.0792	0.1089	0.2376	0.5743
