FOXI1
A	C	G	T
0.5749	0.0365	0.3367	0.0520
0.0134	0.0012	0.0000	0.9854
0.0671	0.0014	0.9315	0.0000
0.0000	0.0071	0.0000	0.9929
0.0150	0.0000	0.3055	0.6795
0.0016	0.0000	0.2008	0.7976
0.9923	0.0038	0.0000	0.0038
0.0024	0.9750	0.0028	0.0198
0.2094	0.0005	0.7902	0.0000
0.0135	0.0158	0.9513	0.0194
0.1342	0.0032	0.0027	0.8600
0.8607	0.1393	0.0000	0.0000
0.9868	0.0105	0.0000	0.0027
0.9600	0.0000	0.0125	0.0274
0.0076	0.9776	0.0012	0.0136
0.9453	0.0393	0.0017	0.0137
0.8205	0.0562	0.0335	0.0898
