Hand1
A	C	G	T
0.4138	0.1724	0.1379	0.2759
0.3448	0.1724	0.1379	0.3448
0.2759	0.0690	0.2759	0.3793
0.1379	0.1379	0.4483	0.2759
0.1724	0.0690	0.6207	0.1379
0.1379	0.3448	0.2759	0.2414
0.3448	0.0000	0.5517	0.1034
0.0690	0.0690	0.0000	0.8621
0.0345	0.9310	0.0345	0.0000
0.0000	0.0000	0.0000	1.0000
0.0000	0.0000	1.0000	0.0000
0.0000	0.1034	0.8621	0.0345
0.3448	0.4483	0.0345	0.1724
0.5172	0.0345	0.1034	0.3448
0.2069	0.1724	0.1034	0.5172
0.1724	0.1724	0.1379	0.5172
