ZNF841
A	C	G	T
0.6754	0.0100	0.2766	0.0381
0.0000	0.0000	0.0130	0.9870
0.0000	0.0000	1.0000	0.0000
0.1461	0.0010	0.8509	0.0020
0.0000	0.0201	0.0562	0.9238
0.0000	0.0000	1.0000	0.0000
0.3687	0.0461	0.0731	0.5120
0.0010	0.9359	0.0631	0.0000
0.2953	0.0000	0.1592	0.5455
0.7335	0.0000	0.0000	0.2665
0.0030	0.4800	0.2545	0.2625
1.0000	0.0000	0.0000	0.0000
0.1902	0.0000	0.8098	0.0000
0.7728	0.0000	0.0000	0.2272
0.2615	0.0040	0.0220	0.7124
0.0050	0.2635	0.6323	0.0992
0.0040	0.8697	0.0641	0.0621
0.1354	0.2036	0.3982	0.2628
0.7425	0.0762	0.0361	0.1453
