ZNF528
A	C	G	T
0.0451	0.0090	0.9349	0.0110
0.0561	0.0000	0.9099	0.0340
1.0000	0.0000	0.0000	0.0000
0.8749	0.1251	0.0000	0.0000
0.0010	0.0000	0.3206	0.6784
0.0000	0.0350	0.9650	0.0000
0.0000	0.0000	1.0000	0.0000
0.0010	0.0000	0.9990	0.0000
0.0000	0.0000	0.0000	1.0000
0.0000	0.9990	0.0000	0.0010
0.0180	0.0080	0.9719	0.0020
0.0651	0.0441	0.0120	0.8788
0.0000	0.0000	0.9148	0.0852
0.0130	0.0531	0.9339	0.0000
0.0000	0.2733	0.3634	0.3634
0.1373	0.0000	0.4860	0.3768
0.0200	0.2575	0.0631	0.6593
0.4800	0.3758	0.1433	0.0010
