ZBED6
A	C	G	T
0.1124	0.4682	0.2491	0.1704
0.4663	0.1011	0.3839	0.0487
0.3483	0.0037	0.6330	0.0150
0.0075	0.0150	0.9775	0.0000
0.0019	0.9888	0.0056	0.0037
0.0262	0.0000	0.0019	0.9719
0.0131	0.7940	0.1742	0.0187
0.0468	0.0318	0.7210	0.2004
0.0150	0.8783	0.0824	0.0243
0.1311	0.5712	0.0356	0.2622
0.1142	0.2322	0.2790	0.3745
0.1124	0.3015	0.4064	0.1798
