Cdx-1
A	C	G	T
0.2900	0.1500	0.1800	0.3800
0.3900	0.1000	0.3100	0.2000
0.4000	0.2500	0.2400	0.1100
0.1400	0.0600	0.7300	0.0700
0.1300	0.0300	0.8300	0.0100
0.0100	0.2800	0.0000	0.7100
0.4900	0.4700	0.0000	0.0400
0.8283	0.0000	0.1717	0.0000
0.0100	0.0000	0.0000	0.9900
0.7400	0.0100	0.0000	0.2500
0.9200	0.0000	0.0000	0.0800
0.9400	0.0100	0.0000	0.0500
0.6465	0.1111	0.0505	0.1919
0.1616	0.2323	0.1717	0.4343
0.1400	0.1100	0.2600	0.4900
0.3600	0.2100	0.1000	0.3300
