HOXB4
A	C	G	T
0.1500	0.5900	0.1700	0.0900
0.2475	0.2178	0.3168	0.2178
0.3100	0.3200	0.1600	0.2100
0.3434	0.1212	0.4141	0.1212
0.0808	0.1717	0.0606	0.6869
0.0198	0.0990	0.0000	0.8812
0.9400	0.0600	0.0000	0.0000
0.9899	0.0000	0.0000	0.0101
0.0101	0.0000	0.0000	0.9899
0.0000	0.0000	0.0600	0.9400
0.8812	0.0000	0.0990	0.0198
0.6869	0.0606	0.1717	0.0808
0.1000	0.2200	0.1700	0.5100
0.3200	0.1800	0.1300	0.3700
0.5200	0.2000	0.1800	0.1000
0.3000	0.3200	0.0900	0.2900
0.1600	0.4000	0.1600	0.2800
