Nkx5-1
A	C	G	T
0.4900	0.2100	0.2100	0.0900
0.1212	0.4949	0.2525	0.1313
0.4800	0.2300	0.1900	0.1000
0.7600	0.0700	0.1100	0.0600
0.1515	0.1010	0.5960	0.1515
0.0200	0.9400	0.0000	0.0400
0.8317	0.0000	0.1584	0.0099
0.8700	0.1200	0.0000	0.0100
0.0100	0.0000	0.0000	0.9900
0.0101	0.0404	0.0000	0.9495
0.9293	0.0000	0.0202	0.0505
0.8788	0.0202	0.0303	0.0707
0.3861	0.1485	0.1188	0.3465
0.2600	0.1800	0.3800	0.1800
0.4700	0.2100	0.2600	0.0600
0.5200	0.1100	0.1800	0.1900
0.1300	0.1000	0.1300	0.6400
