Barhl1
A	C	G	T
0.0433	0.0060	0.0002	0.9505
0.9189	0.0020	0.0071	0.0720
0.9900	0.0007	0.0076	0.0017
0.4250	0.0162	0.1011	0.4577
0.0902	0.3508	0.0806	0.4784
0.1367	0.0157	0.7860	0.0616
0.1541	0.3174	0.3049	0.2236
0.1016	0.3315	0.1194	0.4475
0.1778	0.3174	0.3698	0.1351
0.1843	0.3665	0.1308	0.3185
0.0420	0.0064	0.0005	0.9511
0.8995	0.0000	0.0063	0.0942
0.9976	0.0000	0.0012	0.0012
0.4576	0.0128	0.1053	0.4244
0.0690	0.3894	0.0799	0.4617
0.1546	0.0186	0.7570	0.0697
