znf540
A	C	G	T
0.2315	0.2355	0.2295	0.3036
0.2064	0.0000	0.7395	0.0541
0.0882	0.0120	0.8557	0.0441
0.0321	0.0000	0.3717	0.5962
0.6082	0.0030	0.3888	0.0000
0.0000	0.0140	0.0070	0.9790
0.9900	0.0000	0.0100	0.0000
0.7545	0.0000	0.1844	0.0611
0.0601	0.0200	0.1082	0.8116
0.0010	0.0000	0.8999	0.0991
0.0150	0.0000	0.7515	0.2335
0.1263	0.2124	0.0050	0.6563
0.8136	0.0571	0.0000	0.1293
0.0000	0.0060	0.0000	0.9940
0.0020	0.9890	0.0080	0.0010
0.0140	0.0521	0.9329	0.0010
0.0000	1.0000	0.0000	0.0000
0.0000	1.0000	0.0000	0.0000
0.0000	1.0000	0.0000	0.0000
0.1842	0.0070	0.1031	0.7057
