GRHL1
A	C	G	T
0.5745	0.0388	0.2598	0.1269
0.8180	0.0362	0.0585	0.0874
0.0000	0.9350	0.0624	0.0026
0.0557	0.6475	0.0841	0.2126
0.1186	0.0859	0.5975	0.1980
0.0069	0.0064	0.9867	0.0000
0.2221	0.0797	0.0300	0.6682
0.2033	0.2639	0.0536	0.4793
0.2019	0.1612	0.1451	0.4918
0.5499	0.0620	0.1474	0.2407
0.6361	0.0240	0.0713	0.2686
0.0011	0.9983	0.0000	0.0006
0.1740	0.6112	0.0930	0.1217
0.1433	0.0290	0.7500	0.0778
0.0000	0.0233	0.9757	0.0010
0.1001	0.0334	0.0136	0.8529
0.0522	0.1509	0.0444	0.7524
