RORA
A	C	G	T
0.2409	0.0355	0.0845	0.6391
0.9552	0.0114	0.0019	0.0316
0.5386	0.0027	0.0015	0.4571
0.0817	0.5560	0.2672	0.0951
0.0003	0.0024	0.0074	0.9899
0.6824	0.0020	0.3152	0.0005
0.0004	0.0005	0.9946	0.0045
0.0000	0.0004	0.9993	0.0003
0.0005	0.0282	0.0194	0.9519
0.0098	0.4750	0.0029	0.5123
0.9944	0.0024	0.0021	0.0011
0.0190	0.2358	0.6944	0.0507
0.0012	0.0174	0.0230	0.9584
0.9657	0.0013	0.0316	0.0014
0.0005	0.0009	0.9941	0.0044
0.0003	0.0027	0.9964	0.0007
0.0035	0.0129	0.0112	0.9724
0.0006	0.9906	0.0009	0.0079
0.9698	0.0000	0.0296	0.0006
