ESRRG
A	C	G	T
0.8892	0.0005	0.0863	0.0240
0.9698	0.0000	0.0281	0.0020
0.0009	0.0000	0.9631	0.0361
0.0045	0.0000	0.9873	0.0082
0.0223	0.0019	0.0991	0.8767
0.0004	0.8827	0.0290	0.0878
0.9314	0.0015	0.0646	0.0024
0.2177	0.2367	0.3376	0.2080
0.2104	0.3309	0.0391	0.4197
0.0353	0.8071	0.1208	0.0368
0.9895	0.0011	0.0016	0.0079
0.9953	0.0042	0.0005	0.0000
0.0023	0.0014	0.9789	0.0175
0.0009	0.0000	0.9986	0.0005
0.0759	0.0010	0.0330	0.8901
0.0000	0.8933	0.0186	0.0881
0.8665	0.0000	0.1300	0.0035
