GSH2
A	C	G	T
0.4700	0.1800	0.2300	0.1200
0.1800	0.3200	0.3300	0.1700
0.2500	0.0900	0.5500	0.1100
0.1300	0.2600	0.2400	0.3700
0.0100	0.1000	0.0000	0.8900
0.9500	0.0300	0.0100	0.0100
0.9798	0.0000	0.0000	0.0202
0.0202	0.0000	0.0000	0.9798
0.0100	0.0100	0.0300	0.9500
0.8900	0.0000	0.1000	0.0100
0.2020	0.1313	0.5556	0.1111
0.1100	0.5500	0.0900	0.2500
0.1683	0.2772	0.2277	0.3267
0.1800	0.3000	0.3300	0.1900
0.7500	0.0400	0.1200	0.0900
0.1818	0.1212	0.3232	0.3737
