TBP
A	C	G	T
0.2800	0.2500	0.3900	0.0800
0.3400	0.1900	0.1500	0.3200
0.2500	0.3500	0.0900	0.3100
0.1616	0.2020	0.1515	0.4848
0.5500	0.1400	0.1500	0.1600
0.1200	0.1000	0.7000	0.0800
0.2871	0.1980	0.2673	0.2475
0.3300	0.1100	0.0300	0.5300
0.9010	0.0099	0.0297	0.0594
0.0100	0.0100	0.0200	0.9600
0.9899	0.0000	0.0000	0.0101
0.0400	0.0000	0.0100	0.9500
0.9700	0.0000	0.0100	0.0200
0.0404	0.0000	0.0000	0.9596
0.8889	0.0101	0.0202	0.0808
0.1900	0.0600	0.0900	0.6600
0.2626	0.1212	0.1313	0.4848
0.1400	0.3800	0.3700	0.1100
0.2700	0.2300	0.3800	0.1200
0.3500	0.1800	0.1700	0.3000
0.2500	0.1900	0.2700	0.2900
