Uncx
A	C	G	T
0.2001	0.2729	0.2415	0.2854
0.1080	0.0606	0.0470	0.7844
0.7272	0.0249	0.1513	0.0966
0.9845	0.0044	0.0083	0.0028
0.0701	0.1079	0.0713	0.7508
0.0428	0.2724	0.1258	0.5589
0.0513	0.2240	0.2039	0.5207
0.8325	0.0861	0.0526	0.0288
0.9658	0.0140	0.0148	0.0054
0.0028	0.0016	0.0012	0.9944
0.0891	0.0831	0.0112	0.8166
0.7686	0.0285	0.0891	0.1138
0.2632	0.2052	0.3207	0.2109
