IRF5
A	C	G	T
0.1306	0.6306	0.0821	0.1567
0.0413	0.7314	0.0702	0.1570
0.0379	0.0076	0.9015	0.0530
0.9370	0.0084	0.0252	0.0294
0.8087	0.0181	0.0144	0.1588
0.9740	0.0000	0.0216	0.0043
0.0054	0.9730	0.0000	0.0216
0.0000	0.8311	0.0000	0.1689
0.2067	0.0591	0.7185	0.0157
0.9218	0.0453	0.0288	0.0041
0.7437	0.0217	0.0903	0.1444
0.6677	0.2515	0.0359	0.0449
0.1174	0.6923	0.1012	0.0891
0.0780	0.2837	0.0816	0.5567
