ALX3
A	C	G	T
0.2700	0.3262	0.1477	0.2560
0.1355	0.0670	0.0144	0.7832
0.8680	0.0097	0.0437	0.0786
0.9916	0.0036	0.0031	0.0017
0.0394	0.1669	0.0184	0.7752
0.0400	0.3698	0.0811	0.5090
0.2834	0.2297	0.1630	0.3239
0.6659	0.1162	0.1875	0.0304
0.8672	0.0353	0.0714	0.0261
0.0024	0.0062	0.0022	0.9892
0.1220	0.0706	0.0095	0.7980
0.8506	0.0202	0.0373	0.0919
0.3154	0.2769	0.1967	0.2110
