TBX5
A	C	G	T
0.7934	0.0189	0.1016	0.0861
0.1132	0.0873	0.7563	0.0432
0.0036	0.0071	0.9853	0.0040
0.0030	0.0892	0.0086	0.8993
0.0013	0.0004	0.9978	0.0004
0.0834	0.0992	0.0179	0.7995
0.0306	0.1336	0.5396	0.2963
0.8171	0.0056	0.1321	0.0452
0.3762	0.1950	0.1973	0.2314
0.6080	0.0335	0.0484	0.3101
0.2798	0.0383	0.0456	0.6363
0.2668	0.1407	0.1483	0.4443
0.0290	0.0853	0.0207	0.8650
0.1800	0.5003	0.2727	0.0470
0.8418	0.0144	0.0947	0.0491
0.0007	0.9965	0.0021	0.0007
0.9001	0.0030	0.0969	0.0000
0.0048	0.9837	0.0095	0.0020
0.0500	0.7102	0.1048	0.1349
0.0817	0.1034	0.0254	0.7895
