HOXA10
A	C	G	T
0.2960	0.1772	0.3339	0.1930
0.2875	0.1422	0.5649	0.0054
0.0349	0.0678	0.0071	0.8901
0.0821	0.8852	0.0008	0.0320
0.4046	0.0009	0.5890	0.0055
0.0086	0.0000	0.0000	0.9914
0.7095	0.0051	0.0044	0.2810
0.9791	0.0000	0.0000	0.0209
0.9202	0.0246	0.0051	0.0500
0.5530	0.1494	0.0932	0.2044
0.3074	0.2323	0.1604	0.2998
0.2689	0.2041	0.2123	0.3146
