foxm1
A	C	G	T
0.7093	0.1089	0.1309	0.0509
0.3343	0.0771	0.2292	0.3594
0.1320	0.0950	0.2340	0.5390
0.1700	0.2380	0.2520	0.3400
0.2450	0.3470	0.2280	0.1800
0.6120	0.1320	0.1800	0.0760
0.4725	0.0420	0.2342	0.2513
0.1250	0.0070	0.8500	0.0180
0.9080	0.0080	0.0360	0.0480
0.0070	0.0320	0.0010	0.9600
0.0150	0.0010	0.9780	0.0060
0.0060	0.9780	0.0010	0.0150
0.9600	0.0010	0.0320	0.0070
0.0480	0.0360	0.0080	0.9080
0.0180	0.8500	0.0070	0.1250
0.4790	0.3480	0.0320	0.1410
0.0561	0.1231	0.0240	0.7968
0.1111	0.1952	0.5015	0.1922
0.3760	0.4170	0.0730	0.1340
0.2250	0.2490	0.3070	0.2190
0.4050	0.1680	0.1090	0.3180
0.1650	0.1920	0.2690	0.3740
