Evx-1
A	C	G	T
0.4653	0.0594	0.0297	0.4455
0.3030	0.2525	0.3333	0.1111
0.3564	0.2178	0.2079	0.2178
0.4653	0.1485	0.2574	0.1287
0.0500	0.6600	0.1800	0.1100
0.0100	0.0300	0.0000	0.9600
0.8586	0.1414	0.0000	0.0000
0.9900	0.0100	0.0000	0.0000
0.0000	0.0000	0.0100	0.9900
0.0000	0.0000	0.1414	0.8586
0.9600	0.0000	0.0300	0.0100
0.1100	0.1800	0.6600	0.0500
0.0297	0.4356	0.0594	0.4752
0.1683	0.1980	0.4554	0.1782
0.2000	0.2500	0.3800	0.1700
0.3636	0.1616	0.1717	0.3030
0.2400	0.3600	0.2400	0.1600
