FPM315
A	C	G	T
0.1553	0.0192	0.7271	0.0983
0.3017	0.0000	0.6983	0.0000
0.7298	0.0000	0.1839	0.0863
0.0297	0.0000	0.9071	0.0632
0.0664	0.1141	0.8168	0.0028
0.9136	0.0362	0.0028	0.0474
0.1030	0.0554	0.7386	0.1031
0.1019	0.0937	0.7516	0.0528
0.5325	0.0635	0.3619	0.0421
0.3369	0.1013	0.4622	0.0996
0.2032	0.0702	0.6217	0.1050
0.4331	0.0387	0.4417	0.0864
0.2740	0.0407	0.5844	0.1009
0.2695	0.1062	0.5935	0.0308
0.5214	0.0624	0.3138	0.1025
0.2509	0.0001	0.6340	0.1150
0.2056	0.0000	0.7512	0.0433
0.5451	0.0000	0.3867	0.0681
0.3430	0.0144	0.5857	0.0569
0.2670	0.0427	0.6445	0.0459
0.4768	0.0595	0.4031	0.0606
