Hlx
A	C	G	T
0.1800	0.4900	0.1600	0.1700
0.2700	0.4400	0.1300	0.1600
0.4500	0.2200	0.1600	0.1700
0.0700	0.1300	0.0500	0.7500
0.7600	0.0800	0.0500	0.1100
0.7172	0.0101	0.0707	0.2020
0.0400	0.0600	0.0200	0.8800
0.1600	0.1200	0.0300	0.6900
0.6300	0.0300	0.2500	0.0900
0.8800	0.0200	0.0600	0.0400
0.2020	0.0707	0.0101	0.7172
0.1100	0.0500	0.0800	0.7600
0.7500	0.0500	0.1300	0.0700
0.1600	0.4100	0.1500	0.2800
0.4200	0.2700	0.0900	0.2200
