SPIC
A	C	G	T
0.3924	0.2262	0.1853	0.1962
0.5347	0.1023	0.2310	0.1320
0.7686	0.1033	0.0537	0.0744
0.9372	0.0435	0.0000	0.0193
0.6951	0.0000	0.0000	0.3049
0.1003	0.2508	0.6054	0.0435
0.4513	0.3026	0.2462	0.0000
0.0000	0.0351	0.9518	0.0132
0.0480	0.0000	0.8561	0.0959
0.8987	0.0308	0.0000	0.0705
0.7869	0.1270	0.0533	0.0328
0.0533	0.0000	0.9467	0.0000
0.1607	0.0857	0.0607	0.6929
0.6425	0.2011	0.0503	0.1061
