Ncx
A	C	G	T
0.1089	0.1980	0.2772	0.4158
0.6040	0.0792	0.0495	0.2673
0.6200	0.0700	0.2200	0.0900
0.2100	0.1000	0.1400	0.5500
0.2100	0.3100	0.0600	0.4200
0.7576	0.0606	0.0606	0.1212
0.7900	0.0300	0.0400	0.1400
0.0396	0.0396	0.0198	0.9010
0.0400	0.0400	0.0100	0.9100
0.9200	0.0100	0.0500	0.0200
0.8100	0.0300	0.0300	0.1300
0.1700	0.0600	0.0400	0.7300
0.6300	0.0500	0.0800	0.2400
0.5556	0.0909	0.2222	0.1313
0.1818	0.3939	0.0909	0.3333
0.2900	0.1000	0.1000	0.5100
0.4000	0.0600	0.1400	0.4000
