Rad21
A	C	G	T
0.2640	0.1360	0.3840	0.2160
0.2840	0.1120	0.4520	0.1520
0.0760	0.8120	0.0320	0.0800
0.0040	0.9960	0.0000	0.0000
0.8480	0.0040	0.0720	0.0760
0.0080	0.6560	0.3160	0.0200
0.1640	0.4200	0.0760	0.3400
0.9000	0.0240	0.0480	0.0280
0.0120	0.0040	0.9800	0.0040
0.5160	0.0040	0.4800	0.0000
0.0120	0.0080	0.4200	0.5600
0.0080	0.0000	0.9880	0.0040
0.0840	0.0280	0.7840	0.1040
0.1200	0.7400	0.0160	0.1240
0.4760	0.0240	0.4720	0.0280
0.0480	0.5040	0.4000	0.0480
0.1080	0.3920	0.0440	0.4560
0.4760	0.2160	0.2640	0.0440
0.1440	0.1600	0.2680	0.4280
