HEN1
A	C	G	T
0.3300	0.1600	0.2700	0.2400
0.2929	0.1212	0.3131	0.2727
0.1900	0.0700	0.5200	0.2200
0.0505	0.0000	0.7879	0.1616
0.0500	0.0200	0.9100	0.0200
0.2100	0.2900	0.3000	0.2000
0.2475	0.7129	0.0396	0.0000
0.0500	0.1400	0.6400	0.1700
0.0000	1.0000	0.0000	0.0000
1.0000	0.0000	0.0000	0.0000
0.0303	0.0505	0.9192	0.0000
0.0198	0.8713	0.0891	0.0198
0.0000	0.0000	0.0000	1.0000
0.0000	0.0000	1.0000	0.0000
0.0700	0.6700	0.1200	0.1400
0.0500	0.0300	0.6700	0.2500
0.1100	0.3000	0.2300	0.3600
0.0505	0.8081	0.0505	0.0909
0.1600	0.6800	0.0500	0.1100
0.1313	0.5758	0.0909	0.2020
0.2222	0.4141	0.1010	0.2626
0.2700	0.1600	0.2400	0.3300
