Mad
A	C	G	T
0.0000	0.4706	0.4608	0.0686
0.3431	0.2549	0.1275	0.2745
0.0000	0.1373	0.8627	0.0000
0.3431	0.0000	0.5490	0.1078
0.0000	1.0000	0.0000	0.0000
0.0000	0.0000	1.0000	0.0000
0.2255	0.6373	0.0000	0.1373
0.0000	0.6961	0.3039	0.0000
0.2843	0.0000	0.7157	0.0000
0.2843	0.3824	0.3333	0.0000
0.1078	0.5196	0.2451	0.1275
0.2843	0.0000	0.7157	0.0000
0.1176	0.4706	0.2647	0.1471
0.3137	0.3333	0.1569	0.1961
0.1078	0.2745	0.6176	0.0000
