FOXD3
A	C	G	T
0.3538	0.1541	0.1904	0.3017
0.3648	0.1436	0.4711	0.0205
0.3635	0.2402	0.0185	0.3777
0.3901	0.0315	0.0102	0.5682
0.9397	0.0102	0.0227	0.0274
0.9210	0.0211	0.0136	0.0443
0.0000	0.3269	0.0093	0.6637
0.6987	0.0125	0.2868	0.0020
0.0193	0.0062	0.0262	0.9483
0.0164	0.0149	0.0208	0.9479
0.0510	0.0127	0.3663	0.5700
0.6933	0.0239	0.1648	0.1180
0.0293	0.6007	0.0838	0.2863
0.3557	0.1321	0.1491	0.3630
