HMGA2
A	C	G	T
0.9296	0.0000	0.0000	0.0704
0.2676	0.0000	0.0000	0.7324
0.9296	0.0000	0.0000	0.0704
0.1831	0.0000	0.0141	0.8028
0.0423	0.0423	0.0000	0.9155
0.0000	0.5352	0.4648	0.0000
0.0141	0.4507	0.5211	0.0141
0.0141	0.5915	0.3662	0.0282
0.0000	0.4225	0.5634	0.0141
0.4366	0.1268	0.2676	0.1690
0.4789	0.0000	0.0141	0.5070
0.3944	0.0000	0.0000	0.6056
0.8451	0.0000	0.0000	0.1549
0.2676	0.0000	0.0000	0.7324
0.0000	0.0282	0.0000	0.9718
