Lbx2
A	C	G	T
0.2376	0.0594	0.0594	0.6436
0.2222	0.2424	0.4444	0.0909
0.3100	0.3400	0.1400	0.2100
0.3861	0.2178	0.1881	0.2079
0.0303	0.4040	0.0101	0.5556
0.0100	0.2800	0.0000	0.7100
0.9596	0.0101	0.0101	0.0202
0.9700	0.0100	0.0200	0.0000
0.0000	0.0200	0.0100	0.9700
0.0202	0.0101	0.0101	0.9596
0.7100	0.0000	0.2800	0.0100
0.5556	0.0101	0.4040	0.0303
0.1300	0.3000	0.1300	0.4400
0.1500	0.2400	0.3300	0.2800
0.1400	0.3900	0.3800	0.0900
0.3500	0.1000	0.3600	0.1900
0.4040	0.1919	0.2626	0.1414
