OTX2
A	C	G	T
0.1969	0.1577	0.3348	0.3106
0.2676	0.2188	0.1364	0.3772
0.0270	0.0063	0.0046	0.9621
0.9635	0.0032	0.0163	0.0170
0.9975	0.0000	0.0025	0.0000
0.0158	0.0047	0.0846	0.8948
0.0085	0.9337	0.0526	0.0052
0.0276	0.9260	0.0197	0.0267
0.0152	0.0345	0.7496	0.2008
0.6755	0.2604	0.0291	0.0350
0.0093	0.0164	0.0083	0.9661
0.0437	0.0137	0.0090	0.9337
0.8649	0.0136	0.0271	0.0944
0.3441	0.1112	0.2044	0.3403
0.2515	0.2560	0.2461	0.2464
