NR4A2
A	C	G	T
0.0037	0.0457	0.0091	0.9415
0.0365	0.0048	0.9577	0.0010
0.9028	0.0464	0.0508	0.0000
0.0158	0.9776	0.0000	0.0066
0.1693	0.8282	0.0000	0.0025
0.0000	0.0042	0.0053	0.9905
0.0073	0.0042	0.0000	0.9886
0.0000	0.0305	0.0000	0.9695
0.9451	0.0000	0.0503	0.0046
0.9847	0.0000	0.0000	0.0153
0.9970	0.0000	0.0030	0.0000
0.0073	0.0018	0.8286	0.1623
0.0110	0.0000	0.9829	0.0060
0.0366	0.0272	0.0394	0.8969
0.0000	0.9218	0.0130	0.0652
0.8362	0.0056	0.1540	0.0042
