IRF7
A	C	G	T
0.4814	0.1189	0.3193	0.0804
0.8117	0.0114	0.0690	0.1080
0.7491	0.0868	0.0392	0.1250
0.3343	0.2365	0.1702	0.2590
0.1059	0.7818	0.0744	0.0379
0.0479	0.0003	0.9504	0.0013
0.9971	0.0001	0.0027	0.0001
0.9902	0.0005	0.0004	0.0090
0.9943	0.0002	0.0004	0.0052
0.5532	0.0898	0.0015	0.3555
0.0019	0.0186	0.0063	0.9732
0.0102	0.9591	0.0010	0.0297
0.0647	0.0677	0.8093	0.0584
0.3115	0.2103	0.2180	0.2602
0.1181	0.0459	0.0686	0.7675
0.1182	0.0760	0.0150	0.7907
0.1128	0.3155	0.1050	0.4667
