ZNF224
A	C	G	T
0.2495	0.2495	0.2505	0.2505
0.0030	0.0180	0.9248	0.0541
0.0411	0.0000	0.9589	0.0000
0.0000	0.0000	0.4419	0.5581
0.0000	0.0000	1.0000	0.0000
0.0000	0.0020	0.0000	0.9980
0.0030	0.0010	0.1303	0.8657
0.1842	0.0000	0.8158	0.0000
0.5045	0.0000	0.4955	0.0000
0.0000	1.0000	0.0000	0.0000
0.0981	0.0000	0.8999	0.0020
0.8198	0.1081	0.0721	0.0000
0.0000	0.0551	0.9449	0.0000
0.0000	0.0000	1.0000	0.0000
0.0000	0.1922	0.8078	0.0000
0.0010	0.0000	0.9740	0.0250
0.0020	0.0000	0.0060	0.9920
0.0030	0.7776	0.0491	0.1703
