TAL1
A	C	G	T
0.2248	0.4113	0.1952	0.1687
0.0416	0.1629	0.0321	0.7635
0.0642	0.0000	0.0000	0.9358
1.0000	0.0000	0.0000	0.0000
0.0000	0.0000	0.0000	1.0000
0.0000	1.0000	0.0000	0.0000
0.4135	0.0127	0.0111	0.5627
0.1328	0.2686	0.4468	0.1518
0.1943	0.2450	0.2511	0.3096
0.2404	0.2274	0.3068	0.2254
0.3588	0.2281	0.1998	0.2133
0.2095	0.2496	0.3455	0.1954
0.2729	0.2305	0.2959	0.2008
0.3804	0.2085	0.1655	0.2456
0.2787	0.2496	0.3802	0.0914
0.0222	0.9732	0.0046	0.0000
0.9403	0.0000	0.0000	0.0597
0.0323	0.1796	0.7152	0.0729
