Bbx
A	C	G	T
0.2424	0.1919	0.1212	0.4444
0.6040	0.1584	0.0594	0.1782
0.4600	0.1400	0.2200	0.1800
0.1313	0.0303	0.0505	0.7879
0.0900	0.0200	0.0200	0.8700
0.1400	0.7500	0.0600	0.0500
0.9109	0.0297	0.0198	0.0396
0.4545	0.0808	0.1212	0.3434
0.0396	0.0198	0.0297	0.9109
0.0500	0.0600	0.7500	0.1400
0.8700	0.0200	0.0200	0.0900
0.7879	0.0505	0.0303	0.1313
0.1212	0.2828	0.3535	0.2424
0.2900	0.1300	0.1200	0.4600
0.3300	0.0600	0.3500	0.2600
