Olf-1
A	C	G	T
0.2500	0.3750	0.2500	0.1250
0.3750	0.1250	0.2500	0.2500
0.2500	0.6250	0.1250	0.0000
0.3750	0.0000	0.2500	0.3750
0.7500	0.0000	0.1250	0.1250
0.0000	0.3750	0.2500	0.3750
0.0000	0.0000	0.0000	1.0000
0.0000	1.0000	0.0000	0.0000
0.0000	1.0000	0.0000	0.0000
0.0000	0.8750	0.0000	0.1250
0.1250	0.5000	0.0000	0.3750
0.5000	0.1250	0.2500	0.1250
0.2500	0.0000	0.7500	0.0000
0.3750	0.0000	0.6250	0.0000
0.0000	0.0000	1.0000	0.0000
0.6250	0.0000	0.2500	0.1250
0.3750	0.1250	0.5000	0.0000
0.0000	0.2500	0.3750	0.3750
0.2500	0.1250	0.2500	0.3750
0.0000	0.1250	0.3750	0.5000
0.2500	0.1250	0.6250	0.0000
0.1250	0.2500	0.2500	0.3750
