Nr2f2
A	C	G	T
0.2525	0.1818	0.2727	0.2929
0.2626	0.3838	0.1515	0.2020
0.1414	0.2424	0.2424	0.3737
0.2475	0.3366	0.1782	0.2376
0.8515	0.0396	0.0495	0.0594
0.8000	0.0100	0.1800	0.0100
0.8100	0.0000	0.1900	0.0000
0.0000	0.0000	0.9900	0.0100
0.0000	0.0000	0.9798	0.0202
0.0000	0.0000	0.0200	0.9800
0.0000	0.9505	0.0099	0.0396
0.9300	0.0000	0.0700	0.0000
0.3069	0.3267	0.0792	0.2871
0.2400	0.2500	0.3800	0.1300
0.2800	0.2300	0.2300	0.2600
0.2121	0.2121	0.3636	0.2121
