SP4
A	C	G	T
0.1389	0.3142	0.1841	0.3628
0.5170	0.0371	0.0155	0.4304
0.5672	0.0318	0.3575	0.0434
0.1637	0.0010	0.8324	0.0028
0.0552	0.9439	0.0000	0.0008
0.0004	0.9694	0.0011	0.0291
0.7514	0.2479	0.0008	0.0000
0.0004	0.9996	0.0000	0.0000
0.0018	0.0025	0.9857	0.0100
0.0004	0.9987	0.0009	0.0000
0.0006	0.9989	0.0004	0.0000
0.0000	0.9842	0.0006	0.0152
0.4234	0.5591	0.0021	0.0154
0.0206	0.7807	0.0038	0.1948
0.2145	0.1688	0.0440	0.5726
0.1376	0.2852	0.0858	0.4914
0.2296	0.2802	0.1320	0.3583
