ikzf5
A	C	G	T
0.2665	0.2255	0.2665	0.2415
0.0050	0.0020	0.9388	0.0542
0.7087	0.0010	0.0250	0.2653
0.9860	0.0010	0.0020	0.0110
0.8216	0.0000	0.0852	0.0932
0.0010	0.7763	0.2096	0.0130
0.0371	0.0010	0.9068	0.0551
0.0000	0.4605	0.5395	0.0000
0.0250	0.0000	0.0000	0.9750
0.9469	0.0000	0.0000	0.0531
0.0000	0.0000	0.0000	1.0000
0.1051	0.0100	0.2593	0.6256
0.4639	0.1874	0.0000	0.3487
0.0000	0.0000	1.0000	0.0000
0.0120	0.2876	0.0832	0.6172
