HOXB9
A	C	G	T
0.3700	0.1900	0.3700	0.0700
0.3600	0.1600	0.4100	0.0700
0.5800	0.0700	0.3100	0.0400
0.1000	0.1300	0.6500	0.1200
0.0200	0.6600	0.0100	0.3100
0.4200	0.5400	0.0100	0.0300
0.9495	0.0000	0.0505	0.0000
0.0100	0.0100	0.0000	0.9800
0.7300	0.0000	0.0000	0.2700
0.9600	0.0000	0.0000	0.0400
0.9798	0.0000	0.0000	0.0202
0.8700	0.0100	0.0300	0.0900
0.3366	0.1980	0.0792	0.3861
0.2000	0.2700	0.1000	0.4300
0.2277	0.4455	0.1485	0.1782
0.2500	0.1800	0.3600	0.2100
