GBX2
A	C	G	T
0.0347	0.0900	0.0057	0.8697
0.6576	0.0178	0.0379	0.2867
0.9017	0.0196	0.0568	0.0220
0.0547	0.0584	0.1136	0.7734
0.0765	0.0366	0.0898	0.7971
0.1902	0.0181	0.7743	0.0174
0.2412	0.2251	0.4732	0.0605
0.0631	0.4765	0.2597	0.2006
0.0300	0.7109	0.0401	0.2190
0.7650	0.0840	0.0740	0.0770
0.7579	0.1068	0.0811	0.0543
0.0222	0.0555	0.0189	0.9034
0.1775	0.0197	0.0201	0.7826
0.8863	0.0047	0.0631	0.0459
