ESET
A	C	G	T
0.0979	0.7552	0.0979	0.0490
0.3170	0.0490	0.5610	0.0730
0.2198	0.2438	0.3656	0.1708
0.3173	0.0240	0.4635	0.1952
0.0490	0.0000	0.9270	0.0240
0.1710	0.6830	0.0730	0.0730
0.5365	0.2927	0.0000	0.1708
0.0000	0.2680	0.0490	0.6830
0.0980	0.1950	0.3170	0.3900
0.1950	0.6830	0.0730	0.0490
0.0730	0.3660	0.0000	0.5610
0.0240	0.0000	0.9760	0.0000
0.0000	0.0000	1.0000	0.0000
0.1710	0.0000	0.8290	0.0000
0.9760	0.0240	0.0000	0.0000
0.5370	0.0490	0.3410	0.0730
0.3660	0.1460	0.0980	0.3900
0.0240	0.0980	0.2440	0.6340
0.1220	0.0000	0.8050	0.0730
0.1460	0.0980	0.1460	0.6100
0.8540	0.0240	0.1220	0.0000
0.0490	0.0000	0.9510	0.0000
0.0240	0.0731	0.0731	0.8298
0.0730	0.4630	0.0980	0.3660
