T
A	C	G	T
0.0073	0.0219	0.0031	0.9677
0.2608	0.5560	0.1537	0.0296
0.6934	0.0100	0.2571	0.0394
0.0000	0.9996	0.0000	0.0004
0.9668	0.0000	0.0332	0.0000
0.0374	0.8750	0.0190	0.0686
0.2483	0.4817	0.1818	0.0882
0.0786	0.0763	0.0267	0.8184
0.8017	0.0233	0.0946	0.0803
0.0903	0.1697	0.4927	0.2473
0.0785	0.0159	0.8623	0.0432
0.0000	0.0272	0.0019	0.9709
0.0016	0.0000	0.9984	0.0000
0.0566	0.2643	0.0078	0.6713
0.0361	0.1198	0.6836	0.1605
0.9675	0.0028	0.0257	0.0039
