SRF
A	C	G	T
0.1382	0.0807	0.0517	0.7293
0.0430	0.0872	0.6563	0.2134
0.4048	0.3944	0.0930	0.1078
0.0000	0.9916	0.0084	0.0000
0.0016	0.9819	0.0060	0.0104
0.9251	0.0106	0.0146	0.0496
0.0331	0.0000	0.0037	0.9632
0.9983	0.0000	0.0017	0.0000
0.0006	0.0031	0.0049	0.9914
0.9864	0.0000	0.0000	0.0136
0.2879	0.0079	0.0000	0.7043
0.0042	0.0047	0.9911	0.0000
0.0042	0.0011	0.9910	0.0037
0.1521	0.0609	0.3889	0.3981
0.2137	0.6487	0.0919	0.0457
0.6906	0.0477	0.0741	0.1876
