POU4F1
A	C	G	T
0.4407	0.1886	0.1977	0.1730
0.0376	0.0580	0.0307	0.8736
0.1716	0.0625	0.6412	0.1247
0.4934	0.4765	0.0083	0.0218
0.9332	0.0149	0.0079	0.0440
0.0251	0.0041	0.0041	0.9667
0.6427	0.0233	0.0332	0.3009
0.7629	0.0325	0.0377	0.1670
0.1192	0.0272	0.0331	0.8206
0.0989	0.0183	0.0665	0.8163
0.5325	0.1259	0.1312	0.2104
0.9680	0.0110	0.0164	0.0046
0.0697	0.0907	0.0556	0.7839
0.1565	0.0968	0.5128	0.2340
