OG-2
A	C	G	T
0.1700	0.5000	0.2000	0.1300
0.1287	0.1782	0.5347	0.1584
0.2323	0.2828	0.2525	0.2323
0.3100	0.2300	0.3600	0.1000
0.0198	0.5743	0.0297	0.3762
0.0200	0.3300	0.0000	0.6500
0.9109	0.0099	0.0693	0.0099
0.9600	0.0000	0.0100	0.0300
0.0300	0.0100	0.0000	0.9600
0.0099	0.0693	0.0099	0.9109
0.6500	0.0000	0.3300	0.0200
0.3762	0.0297	0.5743	0.0198
0.1414	0.1616	0.3939	0.3030
0.3000	0.1900	0.1600	0.3500
0.4400	0.1600	0.1600	0.2400
0.2300	0.2900	0.1700	0.3100
0.1500	0.4100	0.2500	0.1900
