znf136
A	C	G	T
0.2635	0.2124	0.2635	0.2605
0.0000	0.6543	0.3367	0.0090
0.0000	0.0000	1.0000	0.0000
0.0000	0.0000	1.0000	0.0000
0.3437	0.4279	0.1323	0.0962
0.6837	0.2132	0.0000	0.1031
0.0000	0.0711	0.9289	0.0000
1.0000	0.0000	0.0000	0.0000
0.0020	0.0020	0.9950	0.0010
0.0060	0.0661	0.9279	0.0000
0.0261	0.0000	0.0120	0.9619
0.0000	0.0000	0.0000	1.0000
0.0000	0.0000	0.1602	0.8398
0.1182	0.8808	0.0000	0.0010
0.7768	0.0000	0.2232	0.0000
0.8959	0.0851	0.0000	0.0190
0.4208	0.0040	0.5240	0.0511
0.0431	0.8958	0.0361	0.0251
0.0421	0.8597	0.0050	0.0932
0.0562	0.0100	0.0522	0.8816
