POU6F1
A	C	G	T
0.3800	0.2100	0.3000	0.1100
0.3465	0.3069	0.0792	0.2673
0.3564	0.2277	0.1683	0.2475
0.2300	0.3500	0.3100	0.1100
0.7525	0.0495	0.0198	0.1782
0.0101	0.0000	0.0000	0.9899
0.9899	0.0000	0.0000	0.0101
1.0000	0.0000	0.0000	0.0000
0.0000	0.0000	0.0000	1.0000
0.0100	0.0000	0.8000	0.1900
1.0000	0.0000	0.0000	0.0000
0.0000	0.0000	0.9700	0.0300
0.0909	0.2929	0.5354	0.0808
0.1616	0.1414	0.0303	0.6667
0.1600	0.1200	0.2800	0.4400
0.1515	0.1515	0.4141	0.2828
0.2376	0.4455	0.1386	0.1782
