IRF1
A	C	G	T
0.2320	0.2349	0.1953	0.3377
0.1843	0.2085	0.1843	0.4229
0.1270	0.2379	0.1557	0.4794
0.1013	0.3157	0.1087	0.4743
0.5396	0.0742	0.2651	0.1211
0.0176	0.5815	0.3715	0.0294
0.0088	0.0000	0.0000	0.9912
0.0000	0.0228	0.0000	0.9772
0.0000	0.0411	0.0029	0.9559
0.0000	0.9170	0.0000	0.0830
0.6703	0.0286	0.1747	0.1263
0.0147	0.5778	0.2533	0.1542
0.0117	0.0007	0.0000	0.9875
0.0051	0.0103	0.0037	0.9809
0.0081	0.0426	0.0000	0.9493
0.0125	0.7511	0.0206	0.2159
0.3767	0.1799	0.1931	0.2504
0.1601	0.3407	0.2137	0.2856
0.1065	0.1366	0.0837	0.6733
0.1454	0.1417	0.0727	0.6402
0.1219	0.2430	0.1109	0.5242
