CREB1
A	C	G	T
0.2431	0.2706	0.2980	0.1882
0.1953	0.3125	0.2578	0.2344
0.1260	0.2290	0.1489	0.4962
0.1103	0.1825	0.4183	0.2890
0.6591	0.0492	0.2197	0.0720
0.0568	0.7614	0.0795	0.1023
0.0189	0.0114	0.9659	0.0038
0.0114	0.0038	0.0038	0.9811
0.0152	0.9470	0.0341	0.0038
0.9658	0.0076	0.0038	0.0228
0.0977	0.3984	0.2891	0.2148
0.1875	0.3398	0.2383	0.2344
