RPC155
A	C	G	T
0.0554	0.1129	0.2119	0.6198
0.0297	0.8139	0.0198	0.1366
0.4495	0.3525	0.1248	0.0733
0.0891	0.2554	0.4574	0.1980
0.1030	0.0554	0.7446	0.0970
0.5386	0.0119	0.4198	0.0297
0.0277	0.0139	0.9545	0.0040
0.0851	0.0059	0.0059	0.9030
0.0040	0.0238	0.0119	0.9604
0.0099	0.8475	0.0198	0.1228
0.4040	0.0257	0.5465	0.0238
0.9644	0.0079	0.0079	0.0198
0.2614	0.0277	0.5881	0.1228
0.4733	0.1287	0.0673	0.3307
0.0455	0.9188	0.0158	0.0198
0.0416	0.8475	0.0139	0.0970
