HOXA5
A	C	G	T
0.6600	0.1200	0.1500	0.0700
0.3300	0.3900	0.1500	0.1300
0.2100	0.1100	0.5300	0.1500
0.0800	0.1900	0.4500	0.2800
0.0100	0.0900	0.0000	0.9000
0.9091	0.0909	0.0000	0.0000
0.9899	0.0101	0.0000	0.0000
0.0000	0.0000	0.0101	0.9899
0.0000	0.0000	0.0909	0.9091
0.9000	0.0000	0.0900	0.0100
0.2100	0.3100	0.4100	0.0700
0.1500	0.5300	0.1100	0.2100
0.2900	0.2000	0.0700	0.4400
0.2673	0.4059	0.0990	0.2277
0.5200	0.0700	0.1900	0.2200
0.2700	0.1400	0.3600	0.2300
