Foxr1
A	C	G	T
0.2038	0.2667	0.3536	0.1758
0.2072	0.5806	0.0901	0.1221
0.1922	0.3944	0.2442	0.1692
0.2290	0.2450	0.1880	0.3380
0.1582	0.4014	0.2112	0.2292
0.3250	0.0600	0.3180	0.2970
0.3784	0.3003	0.2422	0.0791
0.3576	0.0569	0.3506	0.2348
0.0090	0.9630	0.0040	0.0240
0.9850	0.0070	0.0060	0.0020
0.9750	0.0070	0.0130	0.0050
0.9550	0.0020	0.0150	0.0280
0.0030	0.9540	0.0020	0.0410
0.9209	0.0100	0.0450	0.0240
0.5060	0.2010	0.1840	0.1090
0.3350	0.2570	0.0730	0.3350
0.1628	0.4026	0.0480	0.3866
0.3640	0.2180	0.2160	0.2020
0.2980	0.0860	0.2380	0.3780
0.1079	0.2428	0.2697	0.3796
0.2830	0.1620	0.4410	0.1140
0.2120	0.1570	0.2610	0.3700
