Vsx1
A	C	G	T
0.2277	0.5248	0.1089	0.1386
0.1515	0.3333	0.3838	0.1313
0.5000	0.2300	0.0900	0.1800
0.3700	0.0600	0.4900	0.0800
0.0606	0.2929	0.0101	0.6364
0.0099	0.0990	0.0000	0.8911
0.9899	0.0101	0.0000	0.0000
0.9800	0.0000	0.0100	0.0100
0.0100	0.0100	0.0000	0.9800
0.0000	0.0000	0.0101	0.9899
0.8911	0.0000	0.0990	0.0099
0.6364	0.0101	0.2929	0.0606
0.1400	0.2800	0.1200	0.4600
0.3267	0.1881	0.2574	0.2277
0.5545	0.2376	0.1386	0.0693
0.2376	0.2277	0.1782	0.3564
0.1500	0.1900	0.1700	0.4900
