PAX9
A	C	G	T
0.0387	0.6049	0.2952	0.0612
0.0000	0.0000	0.9974	0.0026
0.0210	0.0041	0.0019	0.9731
0.0000	0.9567	0.0000	0.0433
0.9777	0.0214	0.0006	0.0003
0.0000	0.9353	0.0000	0.0647
0.0000	0.0000	1.0000	0.0000
0.0000	0.8356	0.1644	0.0000
0.5980	0.0270	0.0042	0.3708
0.0003	0.0209	0.0000	0.9788
0.0006	0.2841	0.7147	0.0006
0.8682	0.0000	0.1318	0.0000
0.1802	0.4123	0.2788	0.1287
0.0018	0.0619	0.0000	0.9363
0.0354	0.0020	0.9000	0.0626
0.3039	0.5815	0.1146	0.0000
0.4356	0.2661	0.1284	0.1699
