En-2
A	C	G	T
0.3838	0.0404	0.1111	0.4646
0.2000	0.1600	0.5800	0.0600
0.2800	0.4500	0.1300	0.1400
0.3900	0.3100	0.2000	0.1000
0.1100	0.5000	0.0300	0.3600
0.0100	0.2500	0.0000	0.7400
0.9800	0.0100	0.0000	0.0100
0.9899	0.0000	0.0000	0.0101
0.0101	0.0000	0.0000	0.9899
0.0100	0.0000	0.0100	0.9800
0.7400	0.0000	0.2500	0.0100
0.3600	0.0300	0.5000	0.1100
0.0500	0.2700	0.0500	0.6300
0.1287	0.2277	0.4554	0.1881
0.2700	0.2400	0.3900	0.1000
0.4300	0.2300	0.1100	0.2300
0.3069	0.2574	0.1287	0.3069
