Oct3
A	C	G	T
0.5410	0.1330	0.1160	0.2100
0.0901	0.1071	0.0771	0.7257
0.1632	0.2703	0.0601	0.5065
0.1500	0.0340	0.0260	0.7900
0.1460	0.1200	0.7300	0.0040
0.1290	0.8710	0.0000	0.0000
0.9790	0.0000	0.0040	0.0170
0.0430	0.0000	0.0000	0.9570
0.4850	0.1070	0.2750	0.1330
0.7518	0.0170	0.0210	0.2102
0.0260	0.6220	0.2490	0.1030
0.9100	0.0640	0.0000	0.0260
0.9400	0.0470	0.0000	0.0130
0.4510	0.0210	0.0040	0.5240
