MYBL2
A	C	G	T
0.5805	0.0213	0.3015	0.0967
0.0696	0.9016	0.0268	0.0021
0.0963	0.7396	0.1528	0.0112
0.0107	0.0027	0.9857	0.0009
0.0022	0.0036	0.0458	0.9484
0.0023	0.0027	0.0019	0.9932
0.8240	0.0080	0.1314	0.0366
0.4312	0.1629	0.3413	0.0646
0.7096	0.0034	0.2725	0.0145
0.7897	0.0302	0.1088	0.0713
0.0698	0.8869	0.0269	0.0164
0.0682	0.7977	0.0973	0.0369
0.0256	0.0009	0.9732	0.0003
0.0010	0.0094	0.0790	0.9105
0.0045	0.0108	0.0011	0.9835
0.7692	0.0325	0.1277	0.0706
