PEG3
A	C	G	T
0.3297	0.0010	0.1182	0.5511
0.0060	0.1876	0.8044	0.0020
0.0060	0.0000	0.9940	0.0000
0.0000	0.0000	1.0000	0.0000
0.8978	0.0000	0.0802	0.0220
0.1052	0.8267	0.0661	0.0020
0.0000	0.0000	0.9910	0.0090
0.6697	0.0020	0.3283	0.0000
0.0000	0.0000	0.9950	0.0050
0.0050	0.9950	0.0000	0.0000
0.0000	0.0511	0.0000	0.9489
0.0000	0.0000	0.0000	1.0000
0.0090	0.5391	0.4058	0.0461
0.0060	0.3373	0.6567	0.0000
0.7868	0.0000	0.2132	0.0000
0.0010	0.0010	0.9980	0.0000
0.0030	0.0090	0.7978	0.1902
0.0020	0.0230	0.0050	0.9699
0.8267	0.1463	0.0271	0.0000
