GCM1
A	C	G	T
0.6114	0.1116	0.2424	0.0346
0.0266	0.1101	0.0307	0.8326
0.4507	0.0315	0.5112	0.0065
0.1397	0.6302	0.0437	0.1864
0.0809	0.0099	0.5360	0.3731
0.0029	0.0022	0.9796	0.0153
0.0007	0.0070	0.9907	0.0015
0.0004	0.2537	0.0195	0.7265
0.5832	0.0051	0.4083	0.0034
0.0130	0.9699	0.0153	0.0018
0.0046	0.9802	0.0092	0.0060
0.3603	0.5085	0.0099	0.1213
0.0441	0.0414	0.7259	0.1885
0.0116	0.6890	0.0291	0.2703
0.7746	0.1163	0.0183	0.0908
0.1807	0.2132	0.1834	0.4227
