Spz1
A	C	G	T
0.2857	0.0000	0.4286	0.2857
0.1667	0.3333	0.2917	0.2083
0.3704	0.2963	0.1481	0.1852
0.0000	0.1333	0.8667	0.0000
0.0000	0.0667	0.9333	0.0000
0.4000	0.0667	0.3667	0.1667
0.0000	0.1333	0.8667	0.0000
0.0000	0.1667	0.8333	0.0000
0.0667	0.1000	0.6667	0.1667
0.3333	0.1000	0.0000	0.5667
0.4333	0.1000	0.1333	0.3333
0.2000	0.1667	0.2000	0.4333
0.2083	0.0417	0.5000	0.2500
0.1364	0.2727	0.4091	0.1818
0.1818	0.4091	0.3182	0.0909
