Kaiso
A	C	G	T
0.1163	0.3631	0.2071	0.3135
0.0085	0.0936	0.0454	0.8525
0.0397	0.9348	0.0156	0.0099
0.0142	0.1262	0.0071	0.8525
0.0000	1.0000	0.0000	0.0000
0.0496	0.0000	0.9461	0.0043
0.0028	0.9475	0.0000	0.0496
0.0000	0.0000	1.0000	0.0000
0.6539	0.1135	0.1674	0.0652
0.0113	0.0809	0.6383	0.2695
0.5901	0.1333	0.2000	0.0766
0.1206	0.3291	0.1929	0.3574
0.0270	0.4652	0.0610	0.4468
0.1121	0.2057	0.1546	0.5277
0.1277	0.3305	0.3773	0.1645
