Sox13
A	C	G	T
0.2700	0.1200	0.1700	0.4400
0.1881	0.2376	0.1782	0.3960
0.3700	0.1400	0.1600	0.3300
0.5000	0.1100	0.2800	0.1100
0.1300	0.0900	0.6200	0.1600
0.8218	0.0198	0.1287	0.0297
0.9600	0.0100	0.0100	0.0200
0.0200	0.9000	0.0100	0.0700
0.9400	0.0100	0.0100	0.0400
0.9500	0.0100	0.0300	0.0100
0.0396	0.0297	0.0099	0.9208
0.4653	0.0198	0.0792	0.4356
0.4158	0.0891	0.1188	0.3762
0.3600	0.1000	0.1800	0.3600
0.2100	0.2000	0.1200	0.4700
0.3030	0.1616	0.0707	0.4646
