Nfe2l2
A	C	G	T
0.2287	0.4656	0.1501	0.1556
0.5523	0.1074	0.2190	0.1212
0.1625	0.3292	0.3788	0.1295
0.2796	0.3402	0.2094	0.1708
0.6722	0.0386	0.2824	0.0069
0.0000	0.0000	0.0000	1.0000
0.0000	0.0000	0.9793	0.0207
1.0000	0.0000	0.0000	0.0000
0.0275	0.7342	0.1625	0.0758
0.1157	0.0275	0.0220	0.8347
0.0895	0.7562	0.0634	0.0909
0.7948	0.0041	0.1240	0.0771
0.0138	0.0152	0.9614	0.0096
0.0055	0.9628	0.0262	0.0055
0.8581	0.0358	0.0427	0.0634
