Pou2f2
A	C	G	T
0.1806	0.2650	0.0747	0.4796
0.5357	0.0842	0.0868	0.2933
0.0952	0.0479	0.0486	0.8083
0.0623	0.0073	0.9145	0.0159
0.7410	0.2515	0.0034	0.0041
0.9728	0.0037	0.0053	0.0182
0.0279	0.0025	0.0007	0.9689
0.9648	0.0031	0.0022	0.0299
0.0203	0.0034	0.0024	0.9739
0.0029	0.0033	0.4307	0.5631
0.0113	0.9420	0.0056	0.0411
0.8814	0.0385	0.0254	0.0548
0.4588	0.0899	0.0702	0.3811
0.6369	0.0619	0.2018	0.0994
