ZNF664
A	C	G	T
0.5972	0.1212	0.0110	0.2705
0.0020	0.0000	0.7906	0.2074
0.8378	0.0000	0.0741	0.0881
0.5756	0.0100	0.4094	0.0050
0.0000	0.0000	0.0360	0.9640
0.0110	0.0000	0.0080	0.9810
0.0030	0.0020	0.0020	0.9930
0.8819	0.0000	0.1181	0.0000
1.0000	0.0000	0.0000	0.0000
0.0010	0.0020	0.0000	0.9970
0.0000	0.6473	0.0050	0.3477
1.0000	0.0000	0.0000	0.0000
0.9459	0.0251	0.0291	0.0000
0.0000	0.0000	0.0000	1.0000
0.1263	0.0000	0.8737	0.0000
0.1632	0.8368	0.0000	0.0000
0.2467	0.5807	0.1434	0.0291
0.0000	0.0331	0.8838	0.0832
0.0000	0.0020	0.9980	0.0000
