ZBTB49
A	C	G	T
0.0000	0.0524	0.0000	0.9476
0.0000	0.0000	0.0000	1.0000
0.0875	0.2568	0.1058	0.5499
0.0011	0.7246	0.0040	0.2702
0.0122	0.0059	0.9676	0.0143
0.0000	0.9997	0.0000	0.0003
0.0040	0.4928	0.1281	0.3750
0.0129	0.0049	0.0604	0.9218
0.0149	0.0005	0.9802	0.0043
0.2155	0.0396	0.6850	0.0599
0.0693	0.8371	0.0413	0.0523
0.4516	0.3225	0.2230	0.0028
0.0000	0.4235	0.4082	0.1683
0.0018	0.0000	0.9982	0.0000
0.0000	0.0399	0.0018	0.9584
0.0000	1.0000	0.0000	0.0000
0.7859	0.0010	0.0742	0.1389
