HOXC4
A	C	G	T
0.1400	0.6900	0.1000	0.0700
0.2200	0.2000	0.4300	0.1500
0.3600	0.3500	0.1300	0.1600
0.4400	0.1400	0.2600	0.1600
0.1089	0.0792	0.0594	0.7525
0.0200	0.0600	0.0000	0.9200
0.9596	0.0404	0.0000	0.0000
0.9899	0.0000	0.0000	0.0101
0.0101	0.0000	0.0000	0.9899
0.0000	0.0000	0.0404	0.9596
0.9200	0.0000	0.0600	0.0200
0.7525	0.0594	0.0792	0.1089
0.1111	0.3636	0.2222	0.3030
0.3500	0.2000	0.1800	0.2700
0.5248	0.2376	0.1485	0.0891
0.2626	0.2424	0.1616	0.3333
0.2970	0.2574	0.1980	0.2475
