MSX1
A	C	G	T
0.1444	0.3432	0.3777	0.1347
0.0427	0.6342	0.0212	0.3019
0.7913	0.0846	0.0714	0.0527
0.9239	0.0462	0.0203	0.0096
0.0036	0.0036	0.0030	0.9899
0.0798	0.0788	0.0111	0.8304
0.8857	0.0101	0.0615	0.0427
0.5329	0.1169	0.1600	0.1902
0.5043	0.1635	0.1531	0.1791
0.4467	0.1204	0.1552	0.2778
0.4847	0.1201	0.1397	0.2556
0.1517	0.3919	0.3614	0.0951
0.0745	0.6909	0.0237	0.2108
0.7983	0.0575	0.1207	0.0236
0.9378	0.0288	0.0180	0.0154
0.0045	0.0042	0.0039	0.9873
0.0344	0.0411	0.0100	0.9146
0.8598	0.0105	0.0753	0.0544
