PAX1
A	C	G	T
0.0601	0.6047	0.2726	0.0626
0.0006	0.0000	0.9847	0.0148
0.0497	0.0170	0.0000	0.9333
0.0006	0.9036	0.0002	0.0956
0.9433	0.0562	0.0005	0.0000
0.0004	0.8730	0.0000	0.1266
0.0006	0.0004	0.9985	0.0006
0.0000	0.8124	0.1876	0.0000
0.5726	0.0209	0.0111	0.3953
0.0023	0.0899	0.0004	0.9074
0.0002	0.2732	0.7183	0.0083
0.8570	0.0005	0.1425	0.0000
0.1861	0.3680	0.2778	0.1681
0.0151	0.1248	0.0065	0.8536
0.1408	0.0018	0.7114	0.1460
0.2815	0.4962	0.2222	0.0000
0.3859	0.3119	0.1139	0.1883
