ZIC4
A	C	G	T
0.0768	0.1241	0.5483	0.2508
0.5581	0.1504	0.2876	0.0039
0.0945	0.8606	0.0156	0.0294
0.0621	0.8583	0.0359	0.0437
0.1586	0.7122	0.0581	0.0710
0.0027	0.9970	0.0000	0.0003
0.0367	0.9598	0.0000	0.0035
0.0072	0.6673	0.0018	0.3237
0.1817	0.0113	0.7956	0.0114
0.0067	0.6380	0.0705	0.2847
0.1440	0.1184	0.2604	0.4773
0.0475	0.0033	0.9368	0.0123
0.1852	0.2747	0.1576	0.3825
0.0119	0.0729	0.7289	0.1863
0.3020	0.3413	0.1012	0.2554
