znf646
A	C	G	T
0.2505	0.2495	0.2505	0.2495
0.0321	0.0040	0.8697	0.0942
0.0231	0.0010	0.5697	0.4062
0.0000	0.0000	0.9610	0.0390
0.0000	0.9900	0.0090	0.0010
0.0000	0.0060	0.1653	0.8287
0.0000	0.0000	1.0000	0.0000
1.0000	0.0000	0.0000	0.0000
0.0010	0.1373	0.0000	0.8617
0.0000	0.0010	0.9960	0.0030
0.6764	0.0120	0.0691	0.2425
0.0000	0.0230	0.0000	0.9770
0.0000	0.6116	0.3834	0.0050
0.6152	0.2926	0.0842	0.0080
0.0000	0.0010	0.9990	0.0000
0.0321	0.0120	0.7996	0.1563
0.0000	0.9920	0.0080	0.0000
0.0210	0.2022	0.6877	0.0891
0.5982	0.3477	0.0471	0.0070
