Vax-2
A	C	G	T
0.1584	0.2376	0.3069	0.2970
0.3200	0.1600	0.1900	0.3300
0.2600	0.2600	0.2700	0.2100
0.1717	0.4343	0.2121	0.1818
0.5300	0.1300	0.2600	0.0800
0.0606	0.5657	0.1212	0.2525
0.0100	0.1100	0.0000	0.8800
0.8889	0.1111	0.0000	0.0000
0.9899	0.0000	0.0000	0.0101
0.0100	0.0000	0.0000	0.9900
0.0000	0.0000	0.0200	0.9800
0.9394	0.0000	0.0303	0.0303
0.5000	0.1900	0.2500	0.0600
0.0800	0.2300	0.4100	0.2800
0.3434	0.2121	0.3131	0.1313
0.1683	0.5743	0.1683	0.0891
