E2
A	C	G	T
0.1111	0.2222	0.1667	0.5000
0.1667	0.2222	0.3889	0.2222
0.1667	0.2222	0.0556	0.5556
1.0000	0.0000	0.0000	0.0000
0.0556	0.9444	0.0000	0.0000
0.0000	1.0000	0.0000	0.0000
0.2778	0.0000	0.6667	0.0556
0.0556	0.1667	0.2778	0.5000
0.0000	0.2222	0.2778	0.5000
0.3333	0.0000	0.2222	0.4444
0.0556	0.3889	0.1111	0.4444
0.0556	0.6111	0.1111	0.2222
0.0000	0.0000	1.0000	0.0000
0.0000	0.0000	0.7778	0.2222
0.0000	0.0000	0.0000	1.0000
0.0000	0.2222	0.3889	0.3889
