Sp2
A	C	G	T
0.0949	0.1501	0.6097	0.1453
0.0231	0.4810	0.1524	0.3434
0.0308	0.8221	0.0006	0.1465
0.0000	0.9958	0.0042	0.0000
0.0000	0.9745	0.0000	0.0255
0.1032	0.0000	0.7592	0.1376
0.0000	1.0000	0.0000	0.0000
0.0000	0.9822	0.0000	0.0178
0.0000	0.6572	0.0000	0.3428
0.1222	0.7094	0.0000	0.1684
0.0682	0.5759	0.0587	0.2972
0.1109	0.3286	0.1928	0.3677
0.1340	0.4253	0.2378	0.2028
0.1352	0.4709	0.2420	0.1518
0.1204	0.4419	0.2503	0.1874
