RUNX3
A	C	G	T
0.3158	0.1967	0.1191	0.3684
0.4632	0.1095	0.2921	0.1352
0.7611	0.1064	0.1138	0.0186
0.0028	0.9913	0.0024	0.0036
0.0008	0.9924	0.0036	0.0032
0.2649	0.0076	0.7048	0.0227
0.0091	0.9738	0.0060	0.0111
0.6803	0.0668	0.1764	0.0765
0.4509	0.0924	0.2564	0.2003
0.5136	0.0748	0.1302	0.2814
0.6652	0.0438	0.1261	0.1650
0.7756	0.0789	0.1296	0.0159
0.0068	0.9727	0.0092	0.0112
0.0088	0.9755	0.0129	0.0028
0.3397	0.0130	0.6097	0.0375
0.0249	0.9297	0.0155	0.0299
0.6582	0.0770	0.1700	0.0949
0.4043	0.1668	0.2684	0.1605
