Lhx3
A	C	G	T
0.2300	0.2900	0.3700	0.1100
0.2600	0.2300	0.2500	0.2600
0.5545	0.2277	0.0396	0.1782
0.6300	0.0900	0.2000	0.0800
0.0200	0.1000	0.0100	0.8700
0.0200	0.0300	0.0000	0.9500
0.9798	0.0000	0.0202	0.0000
0.9899	0.0000	0.0000	0.0101
0.0101	0.0000	0.0000	0.9899
0.0000	0.0202	0.0000	0.9798
0.9500	0.0000	0.0300	0.0200
0.8700	0.0100	0.1000	0.0200
0.4257	0.0891	0.1287	0.3564
0.3434	0.0303	0.0808	0.5455
0.4100	0.2800	0.0800	0.2300
0.3366	0.3168	0.1089	0.2376
0.1111	0.2323	0.3131	0.3434
