ref-1
A	C	G	T
0.3469	0.1327	0.1531	0.3673
0.2653	0.3163	0.2245	0.1939
0.5204	0.1735	0.1020	0.2041
0.3469	0.2245	0.1531	0.2755
0.2245	0.0306	0.6837	0.0612
0.2245	0.0714	0.6939	0.0102
0.0000	1.0000	0.0000	0.0000
0.9796	0.0000	0.0204	0.0000
0.0000	0.9796	0.0000	0.0204
0.0102	0.0000	0.9898	0.0000
0.0000	0.0204	0.0102	0.9694
0.0000	0.0000	1.0000	0.0000
0.0000	0.4592	0.0918	0.4490
0.2121	0.4747	0.1010	0.2121
0.3061	0.1939	0.1633	0.3367
0.3367	0.0714	0.2041	0.3878
0.5000	0.1327	0.1429	0.2245
