CEP3
A	C	G	T
0.0900	0.1800	0.5800	0.1500
0.2400	0.1500	0.4800	0.1300
0.2323	0.4343	0.0606	0.2727
0.1300	0.3100	0.4800	0.0800
0.4100	0.1500	0.2100	0.2300
0.1100	0.5700	0.1700	0.1500
0.0297	0.3663	0.0891	0.5149
0.0000	0.0300	0.0100	0.9600
0.0100	0.9600	0.0200	0.0100
0.0000	0.2828	0.7172	0.0000
0.0000	0.0101	0.9798	0.0101
0.7879	0.0404	0.1414	0.0303
0.8900	0.0100	0.0300	0.0700
0.6600	0.1400	0.1000	0.1000
0.2100	0.3200	0.1100	0.3600
0.3465	0.2772	0.1485	0.2277
0.1200	0.1600	0.1900	0.5300
0.2020	0.1616	0.4343	0.2020
0.4200	0.1100	0.3000	0.1700
0.1700	0.1300	0.5700	0.1300
