PPARgamma
A	C	G	T
0.2333	0.2667	0.2167	0.2833
0.1905	0.3333	0.2222	0.2540
0.5000	0.0938	0.1406	0.2656
0.2714	0.0429	0.6429	0.0429
0.4306	0.0000	0.5694	0.0000
0.0000	0.0000	1.0000	0.0000
0.0000	0.0000	0.9861	0.0139
0.0000	0.0000	0.0000	1.0000
0.0000	0.9722	0.0278	0.0000
1.0000	0.0000	0.0000	0.0000
1.0000	0.0000	0.0000	0.0000
0.9861	0.0000	0.0139	0.0000
0.0000	0.0000	1.0000	0.0000
0.0000	0.0000	0.9722	0.0278
0.0000	0.0000	0.0000	1.0000
0.0000	0.9583	0.0139	0.0278
0.9722	0.0000	0.0278	0.0000
0.2759	0.3448	0.0345	0.3448
0.3036	0.3750	0.2679	0.0536
0.1633	0.3061	0.2653	0.2653
0.3182	0.0455	0.3636	0.2727
