RARG
A	C	G	T
0.0765	0.0357	0.8581	0.0298
0.8803	0.0003	0.1185	0.0009
0.0000	0.0000	0.9991	0.0009
0.0000	0.0057	0.9930	0.0013
0.0048	0.0011	0.0117	0.9824
0.0004	0.9751	0.0078	0.0167
0.9980	0.0000	0.0020	0.0000
0.9328	0.0000	0.0188	0.0484
0.9945	0.0036	0.0011	0.0008
0.9612	0.0011	0.0377	0.0000
0.0005	0.0023	0.9964	0.0009
0.0000	0.0000	0.8343	0.1657
0.0000	0.0211	0.0026	0.9763
0.0000	0.9790	0.0009	0.0201
0.9765	0.0082	0.0131	0.0022
0.0326	0.6498	0.1196	0.1980
