ZIC3
A	C	G	T
0.0662	0.1656	0.5397	0.2285
0.6849	0.1345	0.1807	0.0000
0.0327	0.9486	0.0000	0.0187
0.0317	0.9231	0.0136	0.0317
0.0961	0.8210	0.0000	0.0830
0.0000	1.0000	0.0000	0.0000
0.0000	1.0000	0.0000	0.0000
0.0000	0.6995	0.0000	0.3005
0.0894	0.0203	0.8821	0.0081
0.0184	0.8203	0.0276	0.1336
0.0692	0.1000	0.2038	0.6269
0.0130	0.0000	0.9740	0.0130
0.1200	0.4450	0.0650	0.3700
0.0124	0.0083	0.8843	0.0950
0.2786	0.3930	0.0647	0.2637
