PR
A	C	G	T
0.2037	0.1667	0.4444	0.1852
0.1852	0.0926	0.4259	0.2963
0.1852	0.1667	0.4259	0.2222
0.2037	0.2037	0.3333	0.2593
0.2407	0.2407	0.3148	0.2037
0.2778	0.0926	0.3704	0.2593
0.3889	0.0370	0.4630	0.1111
0.0926	0.0370	0.6852	0.1852
0.2593	0.1667	0.2963	0.2778
0.7778	0.0556	0.0926	0.0741
0.0556	0.7778	0.0556	0.1111
0.3704	0.0741	0.3148	0.2407
0.2778	0.1481	0.2222	0.3519
0.1667	0.0556	0.4630	0.3148
0.2222	0.1667	0.3148	0.2963
0.0000	0.0000	0.0000	1.0000
0.0000	0.0000	1.0000	0.0000
0.0000	0.0000	0.0000	1.0000
0.0000	0.0000	0.0000	1.0000
0.0000	1.0000	0.0000	0.0000
0.0000	0.0000	0.0000	1.0000
0.2963	0.0926	0.2593	0.3519
0.1852	0.0741	0.4630	0.2778
0.1852	0.1111	0.4259	0.2778
0.1481	0.1481	0.3704	0.3333
0.2222	0.1852	0.3704	0.2222
0.2778	0.2222	0.2963	0.2037
