Esrra
A	C	G	T
0.2894	0.0000	0.3012	0.4094
0.9668	0.0000	0.0332	0.0000
0.0000	0.0000	0.9977	0.0023
0.0000	0.0034	0.9759	0.0207
0.1682	0.0000	0.0063	0.8254
0.0000	0.6332	0.0364	0.3304
0.8726	0.0000	0.1274	0.0000
0.0049	0.1182	0.4495	0.4273
0.0054	0.1381	0.0227	0.8339
0.2211	0.7126	0.0663	0.0000
1.0000	0.0000	0.0000	0.0000
0.9936	0.0000	0.0064	0.0000
0.0000	0.0000	0.9966	0.0034
0.0068	0.0000	0.9932	0.0000
0.0064	0.0013	0.0000	0.9924
0.0000	0.8708	0.0040	0.1252
0.9031	0.0239	0.0730	0.0000
