HOXD8
A	C	G	T
0.1300	0.1200	0.2000	0.5500
0.6061	0.1212	0.1111	0.1616
0.6061	0.0808	0.2020	0.1111
0.3300	0.0500	0.2900	0.3300
0.0700	0.2300	0.0100	0.6900
0.7273	0.1212	0.0303	0.1212
0.9200	0.0200	0.0200	0.0400
0.0400	0.0100	0.0100	0.9400
0.0500	0.0100	0.0000	0.9400
0.9596	0.0000	0.0101	0.0303
0.7980	0.0505	0.0202	0.1313
0.0700	0.0900	0.0500	0.7900
0.3500	0.0400	0.4700	0.1400
0.2400	0.0700	0.5600	0.1300
0.1881	0.4950	0.0792	0.2376
0.1881	0.0891	0.1386	0.5842
0.3600	0.2100	0.1800	0.2500
