six4
A	C	G	T
0.5200	0.1700	0.1400	0.1700
0.1881	0.1782	0.2475	0.3861
0.4100	0.1200	0.3100	0.1600
0.3500	0.2900	0.1300	0.2300
0.6100	0.1200	0.1000	0.1700
0.0198	0.0297	0.0198	0.9307
0.0101	0.0000	0.9697	0.0202
0.9900	0.0100	0.0000	0.0000
0.0100	0.8100	0.0100	0.1700
0.9700	0.0300	0.0000	0.0000
0.0100	0.9900	0.0000	0.0000
0.0000	0.9700	0.0100	0.0200
0.2100	0.2300	0.2100	0.3500
0.3400	0.3000	0.1000	0.2600
0.1287	0.2871	0.2475	0.3366
0.1700	0.3000	0.2500	0.2800
0.4100	0.2100	0.3000	0.0800
