GKLF
A	C	G	T
0.2698	0.1905	0.2857	0.2540
0.2063	0.3016	0.3810	0.1111
0.3125	0.2188	0.2500	0.2188
0.3846	0.0923	0.4769	0.0462
0.1304	0.0290	0.8116	0.0290
0.1714	0.0571	0.7000	0.0714
0.2714	0.1857	0.3286	0.2143
0.2254	0.1408	0.5915	0.0423
0.2254	0.0704	0.2817	0.4225
0.0000	0.0000	1.0000	0.0000
0.0429	0.0286	0.9143	0.0143
0.1304	0.3333	0.4928	0.0435
0.2063	0.3016	0.2381	0.2540
