FOXN1
A	C	G	T
0.1490	0.6290	0.0700	0.1520
0.2130	0.2500	0.3970	0.1400
0.3340	0.2650	0.3640	0.0370
0.2780	0.2770	0.2800	0.1650
0.2520	0.1390	0.2280	0.3810
0.4750	0.0300	0.4550	0.0400
0.1540	0.1430	0.4350	0.2680
0.0090	0.0600	0.9220	0.0090
0.9710	0.0140	0.0050	0.0100
0.0160	0.9190	0.0070	0.0580
0.0080	0.0090	0.9770	0.0060
0.0030	0.9870	0.0030	0.0070
0.0280	0.0130	0.8781	0.0809
0.0590	0.1580	0.1920	0.5910
0.0330	0.2340	0.1120	0.6210
0.0691	0.0310	0.8088	0.0911
0.0210	0.6416	0.0320	0.3053
0.2870	0.3380	0.2410	0.1340
0.1580	0.2240	0.1880	0.4300
0.1369	0.4206	0.2927	0.1499
0.1179	0.3726	0.3087	0.2008
0.1890	0.2200	0.3030	0.2880
0.1868	0.1259	0.2517	0.4356
