NF-1
A	C	G	T
0.2267	0.2400	0.1867	0.3467
0.2267	0.3200	0.1867	0.2667
0.0667	0.1467	0.0133	0.7733
0.0000	0.0000	0.0133	0.9867
0.0000	0.0000	1.0000	0.0000
0.0133	0.0000	0.9867	0.0000
0.0667	0.8933	0.0267	0.0133
0.4286	0.1857	0.1143	0.2714
0.3067	0.2667	0.2667	0.1600
0.2133	0.2133	0.4267	0.1467
0.2667	0.2533	0.2400	0.2400
0.4533	0.0933	0.2533	0.2000
0.1333	0.2267	0.3600	0.2800
0.1333	0.5467	0.1200	0.2000
0.1467	0.5333	0.1600	0.1600
0.4000	0.2400	0.1200	0.2400
0.3600	0.1600	0.2800	0.2000
0.2933	0.1867	0.2667	0.2533
