dlx3
A	C	G	T
0.1600	0.2200	0.3000	0.3200
0.3168	0.4257	0.1188	0.1386
0.2727	0.2020	0.3737	0.1515
0.2673	0.4158	0.2475	0.0693
0.2871	0.1188	0.2970	0.2970
0.6040	0.0396	0.2277	0.1287
0.0000	0.0303	0.0000	0.9697
0.9899	0.0000	0.0000	0.0101
1.0000	0.0000	0.0000	0.0000
0.0000	0.0000	0.0000	1.0000
0.0100	0.0000	0.0100	0.9800
0.7426	0.0000	0.2475	0.0099
0.0707	0.5758	0.1212	0.2323
0.3500	0.4900	0.0500	0.1100
0.1800	0.3000	0.3700	0.1500
0.3700	0.2000	0.1300	0.3000
0.2828	0.3838	0.1313	0.2020
