TBX20
A	C	G	T
0.8492	0.0196	0.0792	0.0520
0.0821	0.0331	0.7882	0.0966
0.0010	0.0061	0.9911	0.0017
0.0014	0.0764	0.0074	0.9148
0.0007	0.0000	0.9990	0.0003
0.0334	0.0836	0.0045	0.8785
0.0229	0.0798	0.8562	0.0410
0.9924	0.0020	0.0051	0.0005
0.6943	0.0865	0.0777	0.1415
0.5439	0.0863	0.0571	0.3127
0.2001	0.0195	0.2144	0.5660
0.0015	0.0022	0.0015	0.9949
0.1201	0.6037	0.2465	0.0297
0.8611	0.0049	0.1158	0.0182
0.0014	0.9929	0.0014	0.0043
0.8942	0.0009	0.1030	0.0019
0.0042	0.9619	0.0111	0.0227
0.0609	0.5833	0.1848	0.1711
0.0897	0.1181	0.0254	0.7669
