EN1
A	C	G	T
0.0426	0.0198	0.0140	0.9236
0.8604	0.0122	0.0917	0.0357
0.9769	0.0053	0.0071	0.0106
0.0219	0.0117	0.0336	0.9327
0.0529	0.0268	0.1037	0.8166
0.3858	0.0067	0.5903	0.0172
0.0391	0.3521	0.5829	0.0258
0.1277	0.3377	0.1702	0.3645
0.0209	0.5838	0.0226	0.3727
0.7931	0.0823	0.0607	0.0639
0.9070	0.0367	0.0106	0.0457
0.0085	0.0108	0.0100	0.9708
0.0764	0.0644	0.0078	0.8514
0.8597	0.0225	0.0393	0.0786
