ZNF157
A	C	G	T
0.0060	0.0020	0.9459	0.0461
0.3330	0.0060	0.4453	0.2156
0.7766	0.0040	0.0080	0.2114
0.0000	0.0050	0.3106	0.6844
0.0110	0.0000	0.3373	0.6517
0.0721	0.9178	0.0090	0.0010
0.0000	0.9980	0.0020	0.0000
0.0170	0.0000	0.7918	0.1912
0.0000	0.0000	0.0000	1.0000
0.0381	0.1373	0.1323	0.6924
0.0000	1.0000	0.0000	0.0000
0.0000	1.0000	0.0000	0.0000
0.0000	0.0000	0.0881	0.9119
1.0000	0.0000	0.0000	0.0000
0.0000	0.9649	0.0100	0.0251
0.0000	0.9850	0.0020	0.0130
0.2224	0.6964	0.0721	0.0090
0.0030	0.0030	0.0000	0.9940
