TGIF2LX
A	C	G	T
0.0000	0.0158	0.0048	0.9794
0.0123	0.0061	0.9816	0.0000
0.9759	0.0086	0.0017	0.0138
0.0047	0.9748	0.0047	0.0157
0.9635	0.0087	0.0191	0.0087
0.0000	0.0072	0.9043	0.0885
0.0661	0.5403	0.3871	0.0065
0.0185	0.0000	0.0000	0.9815
0.0133	0.0036	0.9830	0.0000
0.0119	0.0074	0.0119	0.9688
0.0149	0.9735	0.0050	0.0066
0.9623	0.0171	0.0205	0.0000
