hdac2
A	C	G	T
0.0430	0.0430	0.1301	0.7838
0.0000	1.0000	0.0000	0.0000
0.9570	0.0000	0.0000	0.0430
0.0000	0.0000	1.0000	0.0000
0.0871	0.6527	0.2172	0.0430
0.8700	0.0000	0.0000	0.1300
0.0000	1.0000	0.0000	0.0000
0.2172	0.6527	0.0000	0.1301
0.4785	0.0871	0.3043	0.1301
0.0430	0.5220	0.0000	0.4350
0.0000	0.0430	0.8700	0.0870
0.0430	0.2172	0.7397	0.0000
0.8260	0.1740	0.0000	0.0000
0.0430	0.7397	0.1301	0.0871
0.9570	0.0430	0.0000	0.0000
0.0430	0.0000	0.9570	0.0000
0.0870	0.6520	0.0870	0.1740
0.3910	0.0000	0.2610	0.3480
0.0870	0.6090	0.3040	0.0000
