Nkx2-3
A	C	G	T
0.2327	0.2086	0.0241	0.5346
0.7047	0.0000	0.0000	0.2953
1.0000	0.0000	0.0000	0.0000
1.0000	0.0000	0.0000	0.0000
0.0270	0.0000	0.9540	0.0190
1.0000	0.0000	0.0000	0.0000
0.0651	0.4088	0.0000	0.5261
0.0000	0.0000	1.0000	0.0000
0.9519	0.0060	0.0411	0.0010
0.0852	0.0210	0.2565	0.6373
0.2766	0.2044	0.2836	0.2355
0.2515	0.2525	0.2525	0.2435
0.2475	0.2525	0.2495	0.2505
0.2472	0.2492	0.2513	0.2523
0.2485	0.2525	0.2525	0.2465
0.2472	0.2593	0.2392	0.2543
0.3246	0.3988	0.0822	0.1944
0.3116	0.0491	0.5501	0.0892
0.0000	0.0000	0.0000	1.0000
