ONECUT2
A	C	G	T
0.4323	0.1871	0.2267	0.1539
0.5734	0.0808	0.2167	0.1292
0.6767	0.0723	0.1067	0.1443
0.7401	0.0489	0.0258	0.1852
0.9422	0.0048	0.0452	0.0079
0.9896	0.0004	0.0075	0.0025
0.0033	0.0033	0.0037	0.9896
0.0025	0.9954	0.0000	0.0021
0.3730	0.0067	0.6203	0.0000
0.9896	0.0008	0.0004	0.0092
0.0083	0.0058	0.0000	0.9859
0.8579	0.0303	0.0379	0.0740
0.4845	0.1804	0.0745	0.2606
0.2738	0.2212	0.0997	0.4054
