ZIC1
A	C	G	T
0.0280	0.0991	0.6473	0.2256
0.6925	0.0811	0.2258	0.0007
0.0279	0.9660	0.0019	0.0042
0.0408	0.9435	0.0066	0.0091
0.0887	0.8686	0.0111	0.0315
0.0000	0.9996	0.0001	0.0002
0.0062	0.9930	0.0003	0.0005
0.0008	0.6405	0.0000	0.3588
0.0630	0.0013	0.9353	0.0004
0.0007	0.7921	0.0127	0.1945
0.0341	0.0494	0.1554	0.7611
0.0021	0.0007	0.9972	0.0000
0.1088	0.2681	0.0589	0.5642
0.0009	0.0138	0.9130	0.0723
