Gfi-1
A	C	G	T
0.4000	0.2000	0.2000	0.2000
0.3158	0.3158	0.2105	0.1579
0.4000	0.2800	0.1600	0.1600
0.3929	0.2143	0.2857	0.1071
0.3548	0.1935	0.2903	0.1613
0.3030	0.2727	0.2121	0.2121
0.1500	0.3500	0.1000	0.4000
0.7273	0.1364	0.0909	0.0455
1.0000	0.0000	0.0000	0.0000
1.0000	0.0000	0.0000	0.0000
0.0000	0.0000	0.0000	1.0000
0.0000	1.0000	0.0000	0.0000
0.6863	0.0392	0.0196	0.2549
0.1224	0.5306	0.2653	0.0816
0.4375	0.0000	0.1875	0.3750
0.0833	0.0833	0.7500	0.0833
0.0652	0.5652	0.0652	0.3043
0.3864	0.2273	0.1364	0.2500
0.2000	0.2250	0.2250	0.3500
0.3056	0.1667	0.2778	0.2500
0.1379	0.3448	0.1379	0.3793
0.1538	0.3077	0.3846	0.1538
0.3043	0.3478	0.1304	0.2174
0.1905	0.3333	0.2381	0.2381
