PRDM13
A	C	G	T
0.0130	0.0000	0.2668	0.7202
0.0311	0.0030	0.2989	0.6670
0.1663	0.0180	0.8156	0.0000
0.0180	0.7605	0.2214	0.0000
0.0000	0.0000	1.0000	0.0000
1.0000	0.0000	0.0000	0.0000
0.0090	0.0000	0.9910	0.0000
0.1882	0.7958	0.0160	0.0000
0.0802	0.9158	0.0020	0.0020
0.0752	0.8988	0.0000	0.0261
0.0010	0.0000	0.9910	0.0080
0.0000	0.0000	0.9520	0.0480
0.2836	0.0711	0.6032	0.0421
0.8607	0.0000	0.0020	0.1373
0.0050	0.0000	0.1441	0.8509
0.3353	0.0521	0.0000	0.6126
0.9488	0.0191	0.0221	0.0100
0.2084	0.4449	0.0030	0.3437
