LHX6
A	C	G	T
0.0047	0.1482	0.0016	0.8454
0.8374	0.0222	0.1332	0.0072
0.9944	0.0019	0.0019	0.0019
0.0000	0.0010	0.0070	0.9920
0.0000	0.0489	0.0094	0.9417
0.9245	0.0014	0.0742	0.0000
0.0620	0.1062	0.7948	0.0369
0.0636	0.4729	0.0924	0.3711
0.2570	0.1104	0.6095	0.0231
0.0168	0.4699	0.0818	0.4315
0.0003	0.0135	0.0020	0.9842
0.5163	0.0062	0.4739	0.0036
0.9907	0.0083	0.0011	0.0000
0.0000	0.0184	0.0017	0.9799
0.0049	0.0482	0.0400	0.9069
0.7166	0.0036	0.2791	0.0007
