ZNF799
A	C	G	T
0.0000	0.0000	0.9469	0.0531
0.0000	0.0000	1.0000	0.0000
0.0000	0.0000	1.0000	0.0000
0.0000	0.0000	1.0000	0.0000
0.1051	0.0000	0.3964	0.4985
1.0000	0.0000	0.0000	0.0000
0.0381	0.0190	0.9429	0.0000
0.0000	0.0000	0.9970	0.0030
0.0000	0.6106	0.0000	0.3894
0.0020	0.8998	0.0000	0.0982
0.9198	0.0000	0.0000	0.0802
0.0010	0.0020	0.2415	0.7555
0.0000	0.0000	0.9639	0.0361
0.3557	0.6403	0.0000	0.0040
0.0160	0.0010	0.4068	0.5762
0.8068	0.0020	0.0010	0.1902
0.1522	0.0000	0.0010	0.8468
0.1874	0.7224	0.0902	0.0000
