TBX1
A	C	G	T
0.0553	0.0358	0.0581	0.8508
0.0007	0.0006	0.0046	0.9941
0.0370	0.8981	0.0645	0.0005
0.9561	0.0002	0.0197	0.0240
0.0002	0.9969	0.0024	0.0004
0.9572	0.0011	0.0392	0.0025
0.0010	0.9958	0.0026	0.0006
0.1681	0.7592	0.0106	0.0622
0.0145	0.0386	0.0236	0.9233
0.3699	0.4954	0.1202	0.0145
0.2692	0.2274	0.0257	0.4777
0.7237	0.1858	0.0820	0.0086
0.0412	0.1919	0.7510	0.0160
0.0004	0.0060	0.9935	0.0001
0.0013	0.0113	0.0124	0.9749
0.0000	0.0000	0.9999	0.0001
0.0201	0.0106	0.0077	0.9616
0.0004	0.0095	0.9417	0.0484
0.9909	0.0048	0.0027	0.0016
0.4628	0.0084	0.4035	0.1254
