FOXJ1
A	C	G	T
0.4500	0.2100	0.1200	0.2200
0.2673	0.2178	0.2475	0.2673
0.3700	0.1800	0.1700	0.2800
0.3535	0.0303	0.5859	0.0303
0.0400	0.0900	0.0100	0.8600
0.8283	0.1616	0.0000	0.0101
0.8400	0.0700	0.0000	0.0900
0.9604	0.0099	0.0099	0.0198
0.0100	0.9100	0.0000	0.0800
0.9406	0.0099	0.0099	0.0396
0.6000	0.1700	0.0700	0.1600
0.7100	0.0400	0.0700	0.1800
0.3030	0.2929	0.1818	0.2222
0.2900	0.1800	0.2500	0.2800
0.2400	0.2100	0.2500	0.3000
0.2200	0.1600	0.2900	0.3300
