Alx4
A	C	G	T
0.1584	0.5842	0.1485	0.1089
0.1000	0.2400	0.5600	0.1000
0.1900	0.4400	0.1600	0.2100
0.4000	0.1500	0.2900	0.1600
0.0202	0.3434	0.0101	0.6263
0.0099	0.0792	0.0000	0.9109
0.9802	0.0099	0.0099	0.0000
0.9800	0.0000	0.0100	0.0100
0.0100	0.0100	0.0000	0.9800
0.0000	0.0099	0.0099	0.9802
0.9109	0.0000	0.0792	0.0099
0.6263	0.0101	0.3434	0.0202
0.1700	0.2300	0.1800	0.4200
0.2900	0.2800	0.1300	0.3000
0.3600	0.2300	0.1900	0.2200
0.2300	0.2900	0.2500	0.2300
0.1200	0.4300	0.2100	0.2400
