Foxn2
A	C	G	T
0.4800	0.1490	0.2410	0.1300
0.5570	0.0880	0.2360	0.1190
0.3520	0.1160	0.1940	0.3380
0.0929	0.5095	0.3177	0.0799
0.2570	0.1050	0.3660	0.2720
0.3350	0.1970	0.3450	0.1230
0.3250	0.1590	0.2940	0.2220
0.2240	0.2000	0.2200	0.3560
0.2600	0.3840	0.1970	0.1590
0.0200	0.0150	0.9610	0.0040
0.9900	0.0030	0.0030	0.0040
0.0060	0.9630	0.0010	0.0300
0.0060	0.0010	0.9880	0.0050
0.0020	0.9850	0.0040	0.0090
0.0170	0.0680	0.0570	0.8580
0.7910	0.0240	0.0200	0.1650
0.2740	0.2060	0.0470	0.4730
0.2820	0.1980	0.2750	0.2450
0.2710	0.3620	0.1100	0.2570
0.1420	0.2920	0.0570	0.5090
0.3170	0.2190	0.2350	0.2290
0.4234	0.3313	0.1191	0.1261
0.1800	0.1920	0.4330	0.1950
