HB9
A	C	G	T
0.1200	0.2400	0.3700	0.2700
0.1400	0.2100	0.3000	0.3500
0.5600	0.2500	0.1700	0.0200
0.1100	0.3900	0.3800	0.1200
0.0100	0.0800	0.0000	0.9100
0.9798	0.0202	0.0000	0.0000
0.9800	0.0000	0.0100	0.0100
0.0100	0.0100	0.0000	0.9800
0.0000	0.0000	0.0202	0.9798
0.9100	0.0000	0.0800	0.0100
0.0800	0.1600	0.6800	0.0800
0.0200	0.1700	0.2500	0.5600
0.1700	0.0900	0.5900	0.1500
0.2300	0.2700	0.3300	0.1700
0.2500	0.3500	0.1100	0.2900
0.2900	0.3000	0.3400	0.0700
