VDR
A	C	G	T
0.1827	0.0470	0.7647	0.0055
0.6211	0.0003	0.3785	0.0000
0.0003	0.0002	0.9992	0.0004
0.0001	0.0004	0.1158	0.8837
0.0084	0.0143	0.0289	0.9483
0.0009	0.9794	0.0013	0.0184
0.8994	0.0033	0.0920	0.0053
0.1082	0.2606	0.0487	0.5825
0.1711	0.3605	0.0745	0.3939
0.1873	0.0694	0.7286	0.0147
0.6211	0.0004	0.3784	0.0001
0.0002	0.0001	0.9995	0.0002
0.0001	0.0002	0.0792	0.9205
0.0085	0.0127	0.0402	0.9386
0.0001	0.9632	0.0015	0.0352
0.8971	0.0033	0.0961	0.0035
