S8
A	C	G	T
0.5800	0.0400	0.1200	0.2600
0.3200	0.2600	0.2500	0.1700
0.4100	0.2800	0.1100	0.2000
0.2772	0.0891	0.5545	0.0792
0.0202	0.7071	0.0101	0.2626
0.0000	0.1200	0.0000	0.8800
0.9900	0.0000	0.0100	0.0000
0.9802	0.0000	0.0099	0.0099
0.0099	0.0099	0.0000	0.9802
0.0000	0.0100	0.0000	0.9900
0.8800	0.0000	0.1200	0.0000
0.2626	0.0101	0.7071	0.0202
0.0297	0.5347	0.0396	0.3960
0.1818	0.1717	0.4141	0.2323
0.4356	0.1485	0.2574	0.1584
0.4200	0.1500	0.1800	0.2500
0.3000	0.2000	0.2600	0.2400
