BARX1
A	C	G	T
0.1287	0.5709	0.0751	0.2253
0.3404	0.3228	0.2505	0.0863
0.7156	0.1287	0.0992	0.0565
0.0032	0.0041	0.0018	0.9910
0.0031	0.0294	0.0027	0.9648
0.9509	0.0041	0.0083	0.0367
0.7170	0.0479	0.0617	0.1734
0.6418	0.0746	0.0635	0.2201
0.4241	0.0321	0.0489	0.4950
0.6387	0.0726	0.1141	0.1745
0.2718	0.2866	0.2588	0.1829
0.0978	0.7161	0.0873	0.0988
0.2794	0.2313	0.4564	0.0329
0.6820	0.1574	0.0759	0.0847
0.0019	0.0019	0.0000	0.9962
0.0109	0.0336	0.0023	0.9532
0.9003	0.0063	0.0174	0.0760
