Staf
A	C	G	T
0.0030	0.0000	0.9770	0.0200
0.3898	0.5491	0.0311	0.0301
0.0010	0.0000	0.9990	0.0000
0.0000	0.0000	0.0801	0.9199
0.0251	0.0000	0.0040	0.9709
0.0060	0.0120	0.2735	0.7084
0.0000	1.0000	0.0000	0.0000
0.0000	0.9960	0.0000	0.0040
1.0000	0.0000	0.0000	0.0000
0.9760	0.0240	0.0000	0.0000
0.0140	0.0000	0.5435	0.4424
0.0010	0.0100	0.9659	0.0231
0.0320	0.0501	0.1622	0.7558
0.8178	0.0000	0.0000	0.1822
0.0250	0.9750	0.0000	0.0000
0.1593	0.0461	0.0120	0.7826
0.0180	0.0320	0.3894	0.5606
0.0010	0.0000	0.0030	0.9960
