HESX1
A	C	G	T
0.1861	0.3445	0.1336	0.3358
0.0161	0.0215	0.0084	0.9539
0.9549	0.0008	0.0145	0.0298
0.9916	0.0008	0.0051	0.0025
0.0086	0.0031	0.0110	0.9773
0.0171	0.0132	0.0171	0.9526
0.2909	0.0014	0.7022	0.0055
0.1129	0.0000	0.8071	0.0800
0.0103	0.5997	0.0103	0.3796
0.8984	0.0354	0.0254	0.0408
0.9288	0.0310	0.0240	0.0163
0.0157	0.0212	0.0055	0.9577
0.0643	0.0303	0.0052	0.9002
0.9534	0.0016	0.0193	0.0257
0.3631	0.0763	0.3207	0.2398
