POU3F1
A	C	G	T
0.3542	0.0432	0.1103	0.4923
0.1535	0.0565	0.0389	0.7511
0.9786	0.0028	0.0103	0.0083
0.0170	0.0205	0.0081	0.9544
0.0134	0.0047	0.8976	0.0843
0.0407	0.5921	0.0990	0.2682
0.5708	0.0004	0.0084	0.4204
0.8270	0.0345	0.0435	0.0950
0.9581	0.0078	0.0097	0.0244
0.0877	0.0322	0.0433	0.8368
0.1546	0.1222	0.2509	0.4723
0.4440	0.1405	0.1329	0.2826
