DAX1
A	C	G	T
0.3200	0.1900	0.3500	0.1400
0.3900	0.2700	0.2400	0.1000
0.4300	0.0600	0.3400	0.1700
0.1700	0.2700	0.4000	0.1600
0.2600	0.2400	0.2300	0.2700
0.1400	0.2400	0.3500	0.2700
0.1900	0.4500	0.2700	0.0900
0.8500	0.0000	0.1400	0.0100
0.9700	0.0000	0.0300	0.0000
0.0500	0.0000	0.9400	0.0100
0.0000	0.0000	0.9600	0.0400
0.0400	0.1100	0.0200	0.8300
0.0000	0.8800	0.1100	0.0100
0.7700	0.0400	0.0100	0.1800
0.1700	0.3700	0.3300	0.1300
0.2900	0.3100	0.2100	0.1900
0.1700	0.2100	0.3100	0.3100
0.2100	0.2000	0.2800	0.3100
0.2300	0.3200	0.2000	0.2500
0.2900	0.3200	0.2200	0.1700
