NFYA
A	C	G	T
0.5370	0.1728	0.1121	0.1781
0.1354	0.1126	0.5224	0.2297
0.4047	0.2573	0.2473	0.0908
0.1372	0.3391	0.4537	0.0700
0.2083	0.2673	0.0357	0.4887
0.0219	0.0951	0.5461	0.3369
0.0270	0.8422	0.0549	0.0760
0.0018	0.1133	0.0276	0.8573
0.0253	0.1161	0.8190	0.0396
0.9757	0.0002	0.0171	0.0070
0.0006	0.0059	0.0009	0.9926
0.0011	0.0006	0.0006	0.9977
0.0033	0.0011	0.9945	0.0010
0.0014	0.0080	0.9903	0.0003
0.0430	0.3053	0.0017	0.6500
0.0525	0.4497	0.2136	0.2842
0.1753	0.4763	0.2540	0.0944
0.4860	0.1296	0.3087	0.0757
