EMX2
A	C	G	T
0.1378	0.2163	0.0723	0.5736
0.6302	0.1924	0.0815	0.0958
0.8610	0.0523	0.0333	0.0534
0.0161	0.0372	0.0208	0.9258
0.0733	0.0633	0.0538	0.8096
0.8485	0.0185	0.0325	0.1005
0.3650	0.1447	0.4258	0.0646
0.1010	0.4284	0.1871	0.2835
0.1590	0.0402	0.0488	0.7520
0.8707	0.0196	0.0681	0.0416
0.9327	0.0133	0.0434	0.0106
0.0935	0.0388	0.0606	0.8071
0.1431	0.0551	0.2926	0.5091
0.5921	0.0579	0.2463	0.1038
