BRF-1
A	C	G	T
0.1245	0.0788	0.6349	0.1618
0.1535	0.0000	0.8050	0.0415
0.0124	0.0041	0.9668	0.0166
0.0622	0.0000	0.0124	0.9253
0.0041	0.0041	0.0041	0.9876
0.0207	0.9170	0.0083	0.0539
0.3112	0.0083	0.6515	0.0290
0.9834	0.0083	0.0000	0.0083
0.4149	0.0954	0.2199	0.2697
0.1245	0.2448	0.0290	0.6017
0.0083	0.9461	0.0124	0.0332
0.0498	0.7842	0.0041	0.1618
0.1120	0.6266	0.1535	0.1079
