RCS1
A	C	G	T
0.1089	0.2079	0.2277	0.4554
0.1600	0.2500	0.2200	0.3700
0.3600	0.2000	0.2200	0.2200
0.1800	0.4000	0.2200	0.2000
0.4300	0.2300	0.1500	0.1900
0.1400	0.0800	0.1400	0.6400
0.7129	0.0297	0.0297	0.2277
0.1485	0.0297	0.2871	0.5347
0.0300	0.0500	0.0400	0.8800
0.1600	0.0100	0.8100	0.0200
0.0100	0.9700	0.0100	0.0100
0.9600	0.0100	0.0200	0.0100
0.0100	0.9700	0.0100	0.0100
0.0297	0.9505	0.0000	0.0198
0.0200	0.7400	0.0100	0.2300
0.1800	0.2600	0.4900	0.0700
0.2700	0.2500	0.2400	0.2400
0.2900	0.1600	0.1800	0.3700
0.2800	0.1800	0.0700	0.4700
0.1200	0.2300	0.3600	0.2900
0.1500	0.2400	0.4600	0.1500
