znf426
A	C	G	T
0.1293	0.3076	0.1673	0.3958
0.0000	0.0831	0.7277	0.1892
0.0451	0.0481	0.0190	0.8878
0.9970	0.0030	0.0000	0.0000
0.2525	0.5802	0.1673	0.0000
0.0000	0.0000	0.5075	0.4925
0.0000	0.0000	0.0000	1.0000
0.9690	0.0100	0.0000	0.0210
0.8448	0.0000	0.0000	0.1552
0.0281	0.0020	0.0010	0.9689
0.2255	0.2014	0.5441	0.0291
0.0000	0.9800	0.0000	0.0200
0.0000	0.0000	1.0000	0.0000
0.0000	0.0010	0.0271	0.9719
0.4629	0.3337	0.0090	0.1944
0.9990	0.0000	0.0000	0.0010
0.4048	0.1603	0.0461	0.3888
