Sut2
A	C	G	T
0.3333	0.2323	0.1111	0.3232
0.2300	0.2100	0.2600	0.3000
0.2700	0.2200	0.2800	0.2300
0.3500	0.2000	0.1000	0.3500
0.2500	0.2200	0.1500	0.3800
0.5200	0.0900	0.2900	0.1000
0.9400	0.0100	0.0100	0.0400
0.9700	0.0000	0.0100	0.0200
0.0000	0.7100	0.2900	0.0000
0.0000	0.0200	0.0000	0.9800
0.0000	1.0000	0.0000	0.0000
0.0000	0.9899	0.0101	0.0000
0.0000	0.0000	1.0000	0.0000
0.7900	0.0200	0.1700	0.0200
0.5200	0.0800	0.2600	0.1400
0.3800	0.2500	0.1500	0.2200
0.3400	0.2100	0.1700	0.2800
0.2800	0.2000	0.2100	0.3100
0.1616	0.2525	0.2525	0.3333
0.2800	0.1400	0.2400	0.3400
