POU1F1
A	C	G	T
0.5691	0.1161	0.1283	0.1866
0.4627	0.0505	0.0767	0.4102
0.1064	0.0320	0.0416	0.8200
0.9704	0.0064	0.0146	0.0087
0.0198	0.0326	0.0114	0.9362
0.0120	0.0047	0.9082	0.0751
0.0335	0.7273	0.0560	0.1832
0.5901	0.0056	0.0033	0.4010
0.9228	0.0048	0.0356	0.0369
0.9939	0.0047	0.0000	0.0014
0.0333	0.0162	0.0175	0.9329
0.0857	0.0931	0.3243	0.4969
0.7685	0.0628	0.0701	0.0986
0.1892	0.1231	0.5470	0.1406
