TEAD1
A	C	G	T
0.5443	0.0164	0.3934	0.0459
0.2298	0.7493	0.0157	0.0052
1.0000	0.0000	0.0000	0.0000
0.0000	0.0000	0.0000	1.0000
0.1698	0.0216	0.0000	0.8086
0.0162	0.8757	0.0568	0.0514
0.0286	0.7448	0.0156	0.2109
0.3667	0.0444	0.1963	0.3926
0.1858	0.2635	0.2872	0.2635
0.4984	0.0543	0.4313	0.0160
0.2506	0.6948	0.0447	0.0099
0.9883	0.0000	0.0078	0.0039
0.0000	0.0000	0.0281	0.9719
0.2635	0.0203	0.0845	0.6318
0.0296	0.8253	0.0833	0.0618
0.0607	0.7467	0.0053	0.1873
0.4143	0.0893	0.1679	0.3286
