ZNF548
A	C	G	T
0.1784	0.3297	0.3267	0.1653
0.0531	0.1072	0.2405	0.5992
0.0561	0.0000	0.3707	0.5731
0.0030	0.9749	0.0000	0.0220
0.0000	1.0000	0.0000	0.0000
0.1171	0.0000	0.8649	0.0180
1.0000	0.0000	0.0000	0.0000
0.0110	0.0000	0.9118	0.0772
0.0040	0.0792	0.3176	0.5992
0.0000	0.0681	0.0180	0.9139
0.0000	0.9449	0.0030	0.0521
0.0000	0.0000	0.0000	1.0000
0.0160	0.0371	0.0140	0.9329
0.9770	0.0060	0.0170	0.0000
0.1244	0.1444	0.2427	0.4885
0.0060	0.8287	0.1633	0.0020
0.0010	0.0371	0.9359	0.0261
0.0701	0.2204	0.4970	0.2124
0.7475	0.1423	0.1102	0.0000
