POU6F2
A	C	G	T
0.2757	0.2169	0.1028	0.4047
0.0000	0.0006	0.0006	0.9988
0.9185	0.0018	0.0063	0.0735
0.9932	0.0039	0.0029	0.0000
0.0125	0.0125	0.0459	0.9291
0.0104	0.0225	0.5110	0.4561
0.9675	0.0084	0.0028	0.0214
0.0140	0.0959	0.8388	0.0513
0.0514	0.8421	0.0587	0.0478
0.0215	0.0060	0.0066	0.9659
0.6069	0.3501	0.0140	0.0289
0.9626	0.0205	0.0071	0.0098
0.0051	0.0000	0.0000	0.9949
0.0313	0.0006	0.0000	0.9681
0.9954	0.0000	0.0000	0.0046
0.4537	0.0644	0.1887	0.2931
