Six-6
A	C	G	T
0.3300	0.1200	0.2800	0.2700
0.6100	0.1000	0.0700	0.2200
0.1800	0.0500	0.1300	0.6400
0.4343	0.1717	0.3232	0.0707
0.1300	0.0400	0.8100	0.0200
0.0202	0.0303	0.9192	0.0303
0.1400	0.0100	0.8500	0.0000
0.0000	0.0000	0.0500	0.9500
0.9700	0.0000	0.0300	0.0000
0.0000	0.0000	0.0000	1.0000
0.0100	0.9800	0.0000	0.0100
0.9406	0.0099	0.0198	0.0297
0.3700	0.3100	0.0600	0.2600
0.2673	0.2079	0.2178	0.3069
0.2929	0.1313	0.0909	0.4848
0.3500	0.2000	0.1800	0.2700
0.0909	0.1111	0.1919	0.6061
