HNF1A
A	C	G	T
0.3682	0.1725	0.2467	0.2127
0.4593	0.0273	0.4716	0.0418
0.0228	0.0643	0.0548	0.8581
0.1473	0.1097	0.0275	0.7154
0.9818	0.0002	0.0171	0.0010
0.9337	0.0418	0.0005	0.0240
0.0804	0.0267	0.0004	0.8925
0.2361	0.2651	0.3209	0.1780
0.9341	0.0006	0.0224	0.0430
0.0452	0.0008	0.0538	0.9002
0.0029	0.0158	0.0003	0.9810
0.8150	0.0137	0.0770	0.0943
0.8781	0.0431	0.0680	0.0108
0.0865	0.8223	0.0381	0.0531
0.2807	0.2422	0.1608	0.3163
