E2F2
A	C	G	T
0.6760	0.1285	0.1006	0.0950
0.8204	0.0060	0.1317	0.0419
0.9172	0.0000	0.0000	0.0828
0.9470	0.0066	0.0000	0.0464
0.8383	0.0120	0.0539	0.0958
0.1920	0.0000	0.0982	0.7098
0.0000	0.0208	0.9542	0.0250
0.0000	0.0000	1.0000	0.0000
0.0000	0.9914	0.0000	0.0086
0.0000	0.0000	1.0000	0.0000
0.0000	1.0000	0.0000	0.0000
0.0000	1.0000	0.0000	0.0000
0.9793	0.0138	0.0000	0.0069
0.9797	0.0000	0.0000	0.0203
0.9346	0.0065	0.0000	0.0588
0.7529	0.0115	0.0000	0.2356
0.3245	0.1523	0.0000	0.5232
0.2500	0.0532	0.5426	0.1543
