E2F3
A	C	G	T
0.6050	0.1027	0.1970	0.0953
0.8075	0.0158	0.1575	0.0191
0.9171	0.0019	0.0032	0.0778
0.8443	0.0016	0.0020	0.1521
0.7628	0.0011	0.0324	0.2037
0.1341	0.0017	0.2846	0.5796
0.0119	0.1195	0.8278	0.0409
0.0001	0.0003	0.9996	0.0000
0.0004	0.9990	0.0000	0.0006
0.0006	0.0005	0.9988	0.0002
0.0003	0.9997	0.0000	0.0000
0.0004	0.9817	0.0170	0.0009
0.9764	0.0128	0.0000	0.0108
0.9591	0.0010	0.0023	0.0376
0.9559	0.0004	0.0011	0.0427
0.8897	0.0024	0.0020	0.1059
0.2420	0.2428	0.1405	0.3748
0.1369	0.2066	0.3502	0.3063
