znf585B
A	C	G	T
0.5385	0.0130	0.4204	0.0280
0.0000	0.0000	0.0240	0.9760
0.0000	0.0000	1.0000	0.0000
0.0030	0.0100	0.0030	0.9840
0.3066	0.0100	0.6764	0.0070
0.0000	0.0000	0.7375	0.2625
0.1053	0.8947	0.0000	0.0000
1.0000	0.0000	0.0000	0.0000
1.0000	0.0000	0.0000	0.0000
0.0000	0.0180	0.0060	0.9760
0.9109	0.0080	0.0210	0.0601
1.0000	0.0000	0.0000	0.0000
0.7475	0.0090	0.2435	0.0000
0.0000	1.0000	0.0000	0.0000
0.0401	0.0000	0.0030	0.9569
0.0000	0.0000	0.7978	0.2022
0.8739	0.0000	0.0000	0.1261
0.0010	0.5220	0.0100	0.4669
0.0190	0.8478	0.1331	0.0000
