meis1
A	C	G	T
0.5144	0.0468	0.1914	0.2474
0.0656	0.2911	0.5424	0.1009
0.0464	0.9248	0.0012	0.0276
0.0000	0.0000	0.0000	1.0000
0.0000	0.0000	1.0000	0.0000
0.0326	0.0192	0.0000	0.9482
0.0000	1.0000	0.0000	0.0000
0.9428	0.0000	0.0000	0.0572
0.1001	0.4277	0.4124	0.0598
0.1281	0.2060	0.1009	0.5650
0.0671	0.5646	0.1895	0.1787
0.4062	0.2098	0.0556	0.3283
0.1975	0.3076	0.2670	0.2278
0.1811	0.3863	0.2056	0.2271
0.2029	0.2823	0.1841	0.3306
