CBT
A	C	G	T
0.1795	0.1154	0.1282	0.5769
0.3544	0.3291	0.2405	0.0759
0.0000	1.0000	0.0000	0.0000
0.0000	0.0000	1.0000	0.0000
0.0000	0.6709	0.0000	0.3291
0.0000	0.0000	1.0000	0.0000
0.0000	0.0127	0.0380	0.9494
0.1139	0.0506	0.2658	0.5696
0.0886	0.1013	0.3038	0.5063
0.1266	0.1139	0.3038	0.4557
0.0886	0.1013	0.4051	0.4051
0.0000	0.0506	0.0000	0.9494
0.1392	0.0506	0.4430	0.3671
0.0000	0.9620	0.0000	0.0380
0.0127	0.0000	0.9620	0.0253
