NKX6.1
A	C	G	T
0.2300	0.1400	0.4700	0.1600
0.3366	0.3069	0.2079	0.1485
0.3500	0.1600	0.1500	0.3400
0.5600	0.0800	0.1100	0.2500
0.7700	0.0200	0.0200	0.1900
0.1818	0.0101	0.0202	0.7879
0.0000	0.0404	0.0000	0.9596
0.9900	0.0000	0.0000	0.0100
0.9899	0.0000	0.0000	0.0101
0.0200	0.0000	0.0000	0.9800
0.0100	0.0100	0.1700	0.8100
0.8800	0.0000	0.0900	0.0300
0.3200	0.4500	0.1000	0.1300
0.1200	0.3000	0.1100	0.4700
0.1400	0.2600	0.2100	0.3900
0.1400	0.3100	0.2500	0.3000
0.0600	0.2400	0.5100	0.1900
