Egr-1
A	C	G	T
0.0530	0.1050	0.7370	0.1050
0.1050	0.7370	0.0530	0.1050
0.1580	0.1050	0.7370	0.0000
0.3160	0.0530	0.5260	0.1050
0.1050	0.0000	0.6320	0.2630
0.0000	0.0000	1.0000	0.0000
0.0530	0.7890	0.0000	0.1580
0.5790	0.2630	0.0000	0.1580
0.0000	0.3680	0.0000	0.6320
0.0530	0.1050	0.3680	0.4740
0.1050	0.6840	0.0530	0.1580
0.0000	0.2630	0.0000	0.7370
0.0000	0.0000	1.0000	0.0000
0.0000	0.0000	1.0000	0.0000
0.0530	0.0000	0.9470	0.0000
0.8412	0.0529	0.0529	0.0529
0.3680	0.2110	0.3160	0.1050
0.2110	0.1050	0.0000	0.6840
0.0000	0.0000	0.0000	1.0000
0.0000	0.0000	1.0000	0.0000
0.1050	0.0530	0.0530	0.7890
0.9470	0.0000	0.0530	0.0000
0.0000	0.0000	1.0000	0.0000
0.0000	0.0000	0.0000	1.0000
