ZNF256
A	C	G	T
0.2715	0.2385	0.2325	0.2575
0.5736	0.0721	0.2362	0.1181
0.1652	0.0000	0.8248	0.0100
0.0371	0.0000	0.9629	0.0000
0.0792	0.0000	0.4624	0.4584
0.7645	0.0010	0.1453	0.0892
0.0000	1.0000	0.0000	0.0000
0.2756	0.1182	0.0010	0.6052
0.0000	0.0000	0.9139	0.0861
0.1041	0.8949	0.0010	0.0000
0.0000	1.0000	0.0000	0.0000
0.0000	0.0000	1.0000	0.0000
0.0000	0.2032	0.0000	0.7968
0.0000	0.0110	0.9890	0.0000
0.0050	0.0000	0.0000	0.9950
0.0040	0.0020	0.0571	0.9369
0.0000	0.0000	1.0000	0.0000
0.0010	0.0210	0.3878	0.5902
0.0100	0.2302	0.2653	0.4945
