STAT3
A	C	G	T
0.1612	0.2032	0.3073	0.3283
0.0240	0.1804	0.5922	0.2034
0.0980	0.1750	0.3940	0.3330
0.0500	0.4520	0.2790	0.2190
0.7790	0.0080	0.2130	0.0000
0.1260	0.0680	0.0000	0.8060
0.0000	0.0000	0.0000	1.0000
0.0000	0.0000	0.0000	1.0000
0.0000	1.0000	0.0000	0.0000
0.0000	1.0000	0.0000	0.0000
0.0000	0.5000	0.5000	0.0000
0.0000	0.0000	1.0000	0.0000
0.0000	0.0000	0.9820	0.0180
1.0000	0.0000	0.0000	0.0000
1.0000	0.0000	0.0000	0.0000
0.6330	0.0000	0.3270	0.0400
0.0180	0.1380	0.0180	0.8260
0.0770	0.1930	0.7000	0.0300
0.3467	0.1868	0.2797	0.1868
0.2730	0.1820	0.2240	0.3210
0.1960	0.2430	0.1600	0.4010
