AR
A	C	G	T
0.3527	0.0538	0.5013	0.0922
0.2938	0.0053	0.6949	0.0059
0.0021	0.0000	0.9964	0.0016
0.4435	0.1078	0.0682	0.3805
0.9949	0.0023	0.0014	0.0014
0.0018	0.9950	0.0023	0.0009
0.8679	0.0087	0.1186	0.0048
0.0807	0.4978	0.1330	0.2886
0.2100	0.2287	0.3709	0.1905
0.2617	0.0867	0.5799	0.0718
0.0116	0.0973	0.0028	0.8883
0.0000	0.0011	0.9986	0.0003
0.0079	0.0014	0.0000	0.9907
0.4542	0.0426	0.0874	0.4158
0.0032	0.9931	0.0000	0.0037
0.0133	0.6412	0.0008	0.3447
0.1548	0.3931	0.1235	0.3287
