GLI2
A	C	G	T
0.1602	0.0847	0.6616	0.0935
0.0726	0.8146	0.0658	0.0471
0.0107	0.0067	0.9586	0.0240
0.8821	0.0909	0.0178	0.0092
0.0041	0.9863	0.0041	0.0055
0.0000	0.9917	0.0055	0.0028
0.9723	0.0142	0.0041	0.0095
0.0034	0.9870	0.0062	0.0034
0.4934	0.2686	0.1621	0.0759
0.1586	0.7258	0.0465	0.0692
0.2750	0.0480	0.0881	0.5889
0.3001	0.0787	0.5116	0.1096
