CRP
A	C	G	T
0.1851	0.2681	0.1819	0.3649
0.6451	0.2721	0.0829	0.0000
0.8043	0.1032	0.0000	0.0926
0.1032	0.2713	0.0000	0.6255
0.4713	0.0000	0.1819	0.3468
0.7223	0.0957	0.0894	0.0926
0.5093	0.1949	0.0000	0.2958
0.0967	0.1031	0.0000	0.8002
0.0000	0.0000	0.8310	0.1690
0.0000	0.1755	0.0000	0.8245
0.1787	0.0000	0.8213	0.0000
0.7351	0.0830	0.0000	0.1819
0.1755	0.1926	0.1713	0.4606
0.0000	0.3543	0.3713	0.2745
0.2816	0.1753	0.2721	0.2710
0.4670	0.0000	0.3543	0.1787
0.2819	0.2787	0.2606	0.1787
0.1894	0.1915	0.4404	0.1787
0.0957	0.1032	0.0000	0.8011
0.0894	0.8149	0.0000	0.0957
0.7085	0.0957	0.0926	0.1032
0.1892	0.7279	0.0000	0.0829
0.6291	0.1849	0.0967	0.0893
0.1031	0.3464	0.1892	0.3613
0.1777	0.0968	0.0000	0.7255
0.2780	0.0958	0.0927	0.5335
