ZNF81
A	C	G	T
0.0030	0.0240	0.9670	0.0060
0.6062	0.0190	0.3737	0.0010
0.9970	0.0000	0.0030	0.0000
0.0110	0.0000	0.0040	0.9850
0.0050	0.0000	0.0040	0.9910
0.0080	0.1031	0.1572	0.7317
0.3463	0.0330	0.6206	0.0000
0.4359	0.0471	0.5170	0.0000
0.0000	0.0270	0.0000	0.9730
0.0010	0.0000	0.0030	0.9960
1.0000	0.0000	0.0000	0.0000
0.5621	0.0190	0.4188	0.0000
0.0000	1.0000	0.0000	0.0000
0.0010	0.0010	0.9719	0.0261
0.3601	0.0502	0.0311	0.5587
0.0902	0.0130	0.1383	0.7585
0.0160	0.7816	0.0461	0.1563
