RFX5
A	C	G	T
0.1053	0.3989	0.3140	0.1817
0.0361	0.0009	0.9539	0.0091
0.0084	0.0102	0.0097	0.9717
0.0290	0.0380	0.0073	0.9257
0.4562	0.0362	0.4545	0.0531
0.0033	0.9475	0.0187	0.0305
0.0009	0.8950	0.0050	0.0991
0.9065	0.0157	0.0258	0.0520
0.0385	0.0156	0.0078	0.9381
0.4122	0.0014	0.5864	0.0000
0.0536	0.0177	0.9286	0.0000
0.0486	0.7811	0.0237	0.1467
0.9586	0.0010	0.0305	0.0098
0.9810	0.0120	0.0050	0.0020
0.0071	0.9706	0.0043	0.0180
0.1811	0.3434	0.3642	0.1113
