CREB3
A	C	G	T
0.1579	0.3509	0.1754	0.3158
0.2478	0.2212	0.3363	0.1947
0.4750	0.0417	0.4750	0.0083
0.0000	0.0000	0.0000	1.0000
0.0000	0.0085	0.9661	0.0254
0.9913	0.0000	0.0000	0.0087
0.0000	0.9913	0.0000	0.0087
0.0000	0.0000	0.9913	0.0087
0.0000	0.0087	0.0000	0.9913
0.0000	0.9913	0.0087	0.0000
0.9744	0.0085	0.0085	0.0085
0.0083	0.4380	0.0496	0.5041
0.0797	0.8261	0.0362	0.0580
0.5000	0.2544	0.1754	0.0702
