ZNF749
A	C	G	T
0.4284	0.0791	0.1181	0.3744
0.0240	0.0020	0.0471	0.9269
0.1984	0.0752	0.3056	0.4208
0.9980	0.0010	0.0000	0.0010
0.0000	0.0000	0.0210	0.9790
0.0000	0.0000	0.9610	0.0390
0.7978	0.1451	0.0200	0.0370
0.0000	0.0000	1.0000	0.0000
0.0000	0.0000	0.2953	0.7047
0.0460	0.0000	0.9540	0.0000
0.0000	0.0020	0.0000	0.9980
0.0000	0.0000	0.0020	0.9980
0.0000	0.0000	0.2202	0.7798
0.0000	0.0000	1.0000	0.0000
1.0000	0.0000	0.0000	0.0000
0.0020	0.0000	0.9238	0.0741
0.0000	0.0000	1.0000	0.0000
0.0030	0.2876	0.5291	0.1804
0.1214	0.8616	0.0120	0.0050
