HNF1B
A	C	G	T
0.3698	0.1848	0.2439	0.2015
0.4105	0.0263	0.5273	0.0359
0.0197	0.0733	0.0457	0.8613
0.1285	0.1303	0.0232	0.7179
0.9832	0.0005	0.0145	0.0017
0.9293	0.0411	0.0100	0.0197
0.0645	0.0291	0.0030	0.9035
0.2317	0.3002	0.3056	0.1625
0.9521	0.0017	0.0171	0.0291
0.0410	0.0094	0.0455	0.9041
0.0023	0.0194	0.0002	0.9781
0.8348	0.0147	0.0699	0.0806
0.9022	0.0389	0.0519	0.0069
0.0638	0.8654	0.0277	0.0431
0.2619	0.2836	0.1570	0.2975
