DUXA
A	C	G	T
0.2209	0.3087	0.1913	0.2791
0.1460	0.1726	0.0672	0.6142
0.6353	0.0048	0.3482	0.0116
0.9788	0.0058	0.0106	0.0048
0.1067	0.3090	0.0980	0.4863
0.0118	0.3866	0.1903	0.4112
0.0154	0.2298	0.0775	0.6774
0.8903	0.0492	0.0413	0.0193
0.9769	0.0067	0.0096	0.0067
0.0000	0.0010	0.0049	0.9941
0.0000	0.9013	0.0027	0.0960
0.8543	0.0244	0.0438	0.0775
0.3590	0.1755	0.2791	0.1864
