NR2C2
A	C	G	T
0.3058	0.1653	0.4186	0.1103
0.4940	0.0188	0.4811	0.0060
0.0139	0.0035	0.9443	0.0382
0.0130	0.0041	0.8068	0.1761
0.0055	0.0214	0.0708	0.9023
0.0069	0.7881	0.0601	0.1449
0.9585	0.0006	0.0399	0.0010
0.7758	0.0170	0.1181	0.0891
0.8747	0.0004	0.1243	0.0006
0.0043	0.0001	0.9875	0.0080
0.0040	0.0006	0.8056	0.1898
0.0011	0.0143	0.0814	0.9032
0.0134	0.7842	0.0499	0.1524
0.8232	0.0127	0.1551	0.0090
