MAZ
A	C	G	T
0.1429	0.1786	0.5000	0.1786
0.1786	0.0000	0.5357	0.2857
0.1786	0.2500	0.5357	0.0357
0.0000	0.0000	0.9643	0.0357
0.0000	0.0000	1.0000	0.0000
0.5357	0.1071	0.1429	0.2143
0.0357	0.0000	0.9286	0.0357
0.0714	0.0714	0.8214	0.0357
0.2857	0.0000	0.7143	0.0000
0.3214	0.0000	0.6786	0.0000
0.5357	0.0714	0.2857	0.1071
0.0000	0.0000	0.9259	0.0741
0.0741	0.1111	0.6667	0.1481
0.3333	0.0370	0.5556	0.0741
