Bsx
A	C	G	T
0.3000	0.3600	0.2800	0.0600
0.4158	0.2673	0.2475	0.0693
0.2772	0.0693	0.4950	0.1584
0.2079	0.1287	0.4455	0.2178
0.0100	0.4500	0.0000	0.5400
0.9293	0.0505	0.0202	0.0000
0.9899	0.0101	0.0000	0.0000
0.0000	0.0000	0.0101	0.9899
0.0000	0.0202	0.0505	0.9293
0.5400	0.0000	0.4500	0.0100
0.2000	0.3200	0.2800	0.2000
0.1584	0.4950	0.0693	0.2772
0.1400	0.1900	0.1800	0.4900
0.2100	0.3700	0.3100	0.1100
0.7500	0.0500	0.1300	0.0700
0.2900	0.1200	0.3200	0.2700
