PRDM1
A	C	G	T
0.3507	0.1712	0.1769	0.3012
0.3467	0.0197	0.6122	0.0213
0.8545	0.0551	0.0311	0.0593
0.9103	0.0137	0.0477	0.0283
0.9759	0.0082	0.0132	0.0027
0.0149	0.0106	0.9560	0.0185
0.0171	0.1285	0.1448	0.7096
0.0205	0.0003	0.9788	0.0003
0.9872	0.0069	0.0041	0.0018
0.9136	0.0039	0.0816	0.0009
0.9826	0.0058	0.0080	0.0036
0.0050	0.0033	0.9880	0.0037
0.0042	0.0502	0.0460	0.8997
0.1825	0.0874	0.4827	0.2474
0.3111	0.2270	0.2724	0.1896
