Isl2
A	C	G	T
0.3800	0.4600	0.0700	0.0900
0.3737	0.2525	0.0909	0.2828
0.4000	0.3500	0.1200	0.1300
0.5800	0.1500	0.1300	0.1400
0.7400	0.1200	0.0500	0.0900
0.0600	0.3000	0.0900	0.5500
0.0198	0.5050	0.0099	0.4653
0.6000	0.3600	0.0200	0.0200
0.7030	0.2772	0.0099	0.0099
0.0101	0.0101	0.0000	0.9798
0.0101	0.0101	0.0000	0.9798
0.9300	0.0000	0.0100	0.0600
0.6600	0.0400	0.2100	0.0900
0.1485	0.1089	0.3069	0.4356
0.3200	0.1000	0.1400	0.4400
0.2020	0.2828	0.0808	0.4343
