Pax-8
A	C	G	T
0.3913	0.0870	0.1739	0.3478
0.0870	0.5217	0.2609	0.1304
0.4783	0.2174	0.0870	0.2174
0.1304	0.2609	0.3478	0.2609
0.2174	0.2174	0.0435	0.5217
0.2609	0.3478	0.2174	0.1739
0.3913	0.1304	0.1304	0.3478
0.2174	0.2174	0.0435	0.5217
0.0435	0.0870	0.7391	0.1304
0.2174	0.6087	0.1304	0.0435
0.3478	0.0435	0.5217	0.0870
0.0435	0.0435	0.0870	0.8261
0.0870	0.0435	0.7391	0.1304
0.5652	0.0870	0.2609	0.0870
0.3043	0.1304	0.3478	0.2174
0.2609	0.2174	0.1739	0.3478
0.2174	0.2174	0.1304	0.4348
0.3043	0.3043	0.2609	0.1304
