MAX
A	C	G	T
0.0176	0.9812	0.0004	0.0008
0.9617	0.0043	0.0215	0.0125
0.0019	0.9393	0.0046	0.0542
0.0742	0.0045	0.9210	0.0004
0.0152	0.0509	0.0004	0.9336
0.0028	0.0020	0.9832	0.0120
0.1347	0.3857	0.2929	0.1867
0.2234	0.3171	0.1249	0.3346
0.3622	0.3101	0.1518	0.1758
0.4042	0.2168	0.2184	0.1606
0.3221	0.3261	0.2192	0.1326
0.0088	0.9887	0.0016	0.0008
0.9632	0.0020	0.0231	0.0118
0.0008	0.9550	0.0019	0.0423
0.1086	0.0086	0.8814	0.0014
0.0446	0.0665	0.0043	0.8845
0.0016	0.0008	0.9762	0.0214
