Lhx8
A	C	G	T
0.0501	0.0247	0.0092	0.9159
0.5367	0.0048	0.4516	0.0070
0.9887	0.0025	0.0066	0.0022
0.0152	0.0096	0.0148	0.9603
0.0163	0.0075	0.0155	0.9607
0.1105	0.0087	0.8763	0.0045
0.0086	0.9064	0.0058	0.0792
0.9706	0.0132	0.0078	0.0084
0.9733	0.0135	0.0054	0.0078
0.0033	0.0082	0.0033	0.9851
0.0095	0.5150	0.0058	0.4697
0.9315	0.0123	0.0174	0.0389
