FOXB1
A	C	G	T
0.3625	0.0890	0.0442	0.5043
0.6013	0.0660	0.2241	0.1085
0.2498	0.0702	0.1257	0.5543
0.1257	0.0223	0.8271	0.0248
0.0105	0.0999	0.0035	0.8861
0.7118	0.2837	0.0021	0.0024
0.9512	0.0408	0.0012	0.0068
0.9697	0.0066	0.0047	0.0191
0.0016	0.0390	0.0024	0.9570
0.9652	0.0025	0.0314	0.0009
0.0222	0.0032	0.0086	0.9660
0.0224	0.0040	0.0163	0.9573
0.0411	0.0027	0.6808	0.2754
0.9018	0.0108	0.0622	0.0252
0.0386	0.7367	0.0273	0.1975
0.6450	0.0671	0.0601	0.2278
0.1332	0.2765	0.0612	0.5291
0.5138	0.0627	0.0934	0.3301
