ZNF674
A	C	G	T
0.0240	0.0100	0.9630	0.0030
0.0561	0.0040	0.8318	0.1081
0.0020	0.0050	0.9930	0.0000
0.0000	0.0000	0.3888	0.6112
0.0591	0.0010	0.4770	0.4629
0.0000	0.9900	0.0100	0.0000
0.9880	0.0120	0.0000	0.0000
0.0000	0.0000	1.0000	0.0000
0.9719	0.0000	0.0000	0.0281
0.0000	1.0000	0.0000	0.0000
0.0000	0.4770	0.0000	0.5230
0.3116	0.0000	0.6884	0.0000
0.0000	0.9890	0.0000	0.0110
0.0401	0.0000	0.0070	0.9529
0.0240	0.0000	0.9479	0.0280
0.0000	0.0000	1.0000	0.0000
0.0301	0.1333	0.4729	0.3637
0.4152	0.1043	0.4764	0.0040
