TGIF2
A	C	G	T
0.0371	0.0328	0.0119	0.9182
0.0081	0.0040	0.9836	0.0043
0.9528	0.0027	0.0320	0.0125
0.0105	0.9725	0.0042	0.0129
0.9723	0.0021	0.0222	0.0034
0.0215	0.0174	0.7827	0.1784
0.1121	0.5570	0.3241	0.0068
0.0058	0.0332	0.0046	0.9564
0.0124	0.0064	0.9744	0.0069
0.0457	0.0472	0.0094	0.8977
0.0058	0.9737	0.0112	0.0093
0.9228	0.0135	0.0309	0.0328
