SMC-3
A	C	G	T
0.3333	0.0961	0.4745	0.0961
0.1161	0.7558	0.0801	0.0480
0.0000	0.9960	0.0040	0.0000
0.8880	0.0080	0.0680	0.0360
0.0000	0.6910	0.2930	0.0160
0.1080	0.6990	0.0360	0.1570
0.9120	0.0240	0.0400	0.0240
0.0040	0.0080	0.9760	0.0120
0.4260	0.0000	0.5700	0.0040
0.0320	0.0120	0.4900	0.4660
0.0120	0.0040	0.9760	0.0080
0.0641	0.0240	0.8238	0.0881
0.0961	0.8318	0.0120	0.0601
0.4660	0.0200	0.4780	0.0360
