Six-1
A	C	G	T
0.3200	0.1300	0.4000	0.1500
0.4800	0.2100	0.0900	0.2200
0.2100	0.0900	0.2100	0.4900
0.3900	0.1400	0.4000	0.0700
0.2178	0.0495	0.6832	0.0495
0.0400	0.0500	0.8700	0.0400
0.2000	0.0100	0.7900	0.0000
0.0000	0.0000	0.0505	0.9495
0.9697	0.0000	0.0303	0.0000
0.0000	0.0000	0.0000	1.0000
0.0101	0.9798	0.0000	0.0101
0.9100	0.0200	0.0400	0.0300
0.1800	0.2700	0.1200	0.4300
0.2300	0.1600	0.3000	0.3100
0.3300	0.1600	0.1200	0.3900
0.1600	0.2700	0.2800	0.2900
0.1782	0.0693	0.2277	0.5248
