BARHL2
A	C	G	T
0.0466	0.0155	0.0071	0.9309
0.9286	0.0048	0.0182	0.0484
0.9838	0.0056	0.0067	0.0039
0.3816	0.0162	0.0790	0.5231
0.0749	0.3308	0.0637	0.5307
0.1219	0.0160	0.8092	0.0529
0.1897	0.2653	0.2926	0.2524
0.0940	0.3155	0.1065	0.4840
0.1847	0.3048	0.3815	0.1289
0.1914	0.3588	0.1090	0.3408
0.0353	0.0091	0.0046	0.9510
0.9191	0.0049	0.0075	0.0686
0.9917	0.0037	0.0017	0.0030
0.4245	0.0112	0.0696	0.4947
0.0618	0.3782	0.0566	0.5034
0.1299	0.0132	0.8002	0.0567
