MafK
A	C	G	T
0.2818	0.4880	0.0747	0.1556
0.2507	0.2184	0.0639	0.4670
0.2857	0.1525	0.3510	0.2108
0.5719	0.0800	0.1321	0.2160
0.1700	0.2868	0.4815	0.0618
0.0000	0.0043	0.0000	0.9957
0.0439	0.9561	0.0000	0.0000
1.0000	0.0000	0.0000	0.0000
0.0000	0.0000	0.9136	0.0864
0.0000	0.9992	0.0008	0.0000
0.9524	0.0071	0.0000	0.0406
0.3861	0.1608	0.1621	0.2910
0.4468	0.0652	0.0209	0.4671
0.3432	0.0860	0.0259	0.5448
0.2843	0.1528	0.0444	0.5185
