IRF-6
A	C	G	T
0.2600	0.3600	0.1500	0.2300
0.3100	0.1400	0.1900	0.3600
0.2600	0.1300	0.3500	0.2600
0.6700	0.0500	0.2100	0.0700
0.2000	0.3400	0.1100	0.3500
0.0297	0.9010	0.0099	0.0594
0.0200	0.0000	0.9800	0.0000
0.9800	0.0100	0.0100	0.0000
0.7000	0.0000	0.0100	0.2900
1.0000	0.0000	0.0000	0.0000
0.0100	0.9800	0.0100	0.0000
0.0200	0.6100	0.0200	0.3500
0.5347	0.1287	0.2376	0.0990
0.4554	0.2079	0.1782	0.1584
0.3700	0.1900	0.2000	0.2400
0.2200	0.2000	0.3000	0.2800
0.2772	0.1881	0.2376	0.2970
