MEIS3
A	C	G	T
0.0752	0.0527	0.0368	0.8353
0.0121	0.0453	0.9321	0.0105
0.8458	0.0108	0.0623	0.0811
0.0169	0.9509	0.0104	0.0218
0.9582	0.0035	0.0304	0.0079
0.0455	0.0132	0.7667	0.1746
0.0597	0.3167	0.6073	0.0162
0.0063	0.0285	0.0037	0.9616
0.0304	0.0179	0.9186	0.0331
0.1795	0.0676	0.0206	0.7323
0.0173	0.8536	0.1018	0.0272
0.7985	0.0422	0.0787	0.0806
