FOXA2
A	C	G	T
0.3353	0.2052	0.1291	0.3303
0.4116	0.1798	0.1758	0.2328
0.4126	0.1289	0.0919	0.3666
0.6086	0.0791	0.1071	0.2052
0.4334	0.0350	0.1532	0.3784
0.0879	0.0050	0.8941	0.0130
0.0040	0.0390	0.0010	0.9560
0.9240	0.0690	0.0010	0.0060
0.9200	0.0700	0.0020	0.0080
0.9880	0.0020	0.0030	0.0070
0.0020	0.6563	0.0030	0.3387
0.9880	0.0020	0.0040	0.0060
0.7200	0.0650	0.0500	0.1650
0.5350	0.1000	0.1030	0.2620
0.2452	0.2723	0.3013	0.1812
0.3060	0.2090	0.2490	0.2360
0.2238	0.2787	0.2517	0.2458
