Irx2
A	C	G	T
0.3939	0.0808	0.1010	0.4242
0.4653	0.1287	0.1287	0.2772
0.3168	0.1287	0.2574	0.2970
0.4100	0.1400	0.2500	0.2000
0.2200	0.0100	0.0300	0.7400
0.9500	0.0100	0.0100	0.0300
0.0000	0.9798	0.0101	0.0101
0.9600	0.0000	0.0100	0.0300
0.0300	0.0100	0.0000	0.9600
0.0101	0.0101	0.9798	0.0000
0.0300	0.0100	0.0100	0.9500
0.7400	0.0300	0.0100	0.2200
0.4040	0.1717	0.2121	0.2121
0.3000	0.1900	0.2900	0.2200
0.4000	0.1100	0.1200	0.3700
0.1782	0.1980	0.2673	0.3564
0.3400	0.1100	0.0800	0.4700
