Mxi1
A	C	G	T
0.0821	0.5986	0.0821	0.2372
0.0519	0.3606	0.3606	0.2268
0.0410	0.0000	0.9180	0.0410
0.0100	0.0520	0.0310	0.9070
0.0620	0.4950	0.0100	0.4330
0.0820	0.1130	0.6190	0.1860
0.0000	0.8760	0.0210	0.1030
0.0000	0.9480	0.0000	0.0520
0.6080	0.2370	0.0210	0.1340
0.0720	0.1650	0.0410	0.7220
0.2370	0.0000	0.7630	0.0000
0.1240	0.0000	0.8760	0.0000
0.0519	0.8861	0.0000	0.0619
0.9070	0.0000	0.0520	0.0410
0.9800	0.0100	0.0100	0.0000
