RARA
A	C	G	T
0.3255	0.0013	0.6680	0.0052
0.9337	0.0018	0.0645	0.0000
0.0000	0.0000	1.0000	0.0000
0.0013	0.0000	0.9739	0.0248
0.0000	0.0088	0.0018	0.9894
0.0027	0.9619	0.0354	0.0000
0.9925	0.0000	0.0075	0.0000
0.7346	0.0000	0.0391	0.2263
0.9293	0.0000	0.0053	0.0654
0.9831	0.0094	0.0075	0.0000
0.0000	0.0000	0.9987	0.0013
0.0000	0.0000	0.8819	0.1181
0.0055	0.0000	0.0000	0.9945
0.0000	0.9972	0.0000	0.0028
0.9982	0.0000	0.0018	0.0000
0.6858	0.0458	0.0382	0.2303
0.0036	0.0000	0.4086	0.5878
0.0000	0.2080	0.4087	0.3834
