PDX1
A	C	G	T
0.1753	0.2808	0.3649	0.1790
0.0471	0.3404	0.0147	0.5978
0.6979	0.1806	0.0763	0.0452
0.9321	0.0293	0.0141	0.0246
0.0103	0.0152	0.0097	0.9648
0.0243	0.0297	0.0864	0.8596
0.8405	0.0121	0.0729	0.0744
0.4514	0.1109	0.3593	0.0784
0.1557	0.3289	0.2875	0.2279
0.3084	0.1633	0.3662	0.1621
0.1803	0.2638	0.3562	0.1997
0.0418	0.3009	0.0206	0.6366
0.7060	0.1894	0.0594	0.0452
0.9256	0.0285	0.0215	0.0244
0.0180	0.0138	0.0120	0.9562
0.0455	0.0511	0.0899	0.8135
0.8647	0.0136	0.0733	0.0483
0.3584	0.1896	0.3095	0.1425
