TP63
A	C	G	T
0.5822	0.0095	0.3660	0.0422
0.9161	0.0004	0.0750	0.0085
0.0000	1.0000	0.0000	0.0000
0.9656	0.0000	0.0327	0.0017
0.2248	0.0107	0.0000	0.7645
0.0000	0.0000	1.0000	0.0000
0.0045	0.0272	0.0000	0.9683
0.0312	0.3297	0.0084	0.6307
0.2022	0.1489	0.6449	0.0040
0.0342	0.2077	0.5052	0.2529
0.3130	0.0003	0.6719	0.0148
0.9593	0.0000	0.0210	0.0197
0.0000	1.0000	0.0000	0.0000
0.9177	0.0000	0.0004	0.0819
0.0213	0.1751	0.0023	0.8013
0.0000	0.0000	1.0000	0.0000
0.0145	0.0598	0.0003	0.9254
0.1945	0.5824	0.0549	0.1681
