ZNF382
A	C	G	T
0.3403	0.0000	0.6216	0.0380
0.0000	0.0000	0.9790	0.0210
0.4935	0.0941	0.4124	0.0000
0.0000	0.0983	0.8987	0.0030
0.0000	0.0000	1.0000	0.0000
1.0000	0.0000	0.0000	0.0000
0.9169	0.0000	0.0831	0.0000
1.0000	0.0000	0.0000	0.0000
0.0971	0.0010	0.0030	0.8989
0.6012	0.1473	0.1894	0.0621
1.0000	0.0000	0.0000	0.0000
0.2625	0.0010	0.4148	0.3216
0.8378	0.0010	0.1592	0.0020
0.0020	0.0000	0.1361	0.8619
0.0040	0.4464	0.0000	0.5495
0.0010	0.0943	0.8977	0.0070
0.1491	0.0000	0.8408	0.0100
0.9520	0.0090	0.0390	0.0000
