ZNF248
A	C	G	T
0.0020	0.0000	0.9219	0.0761
0.0000	0.0000	1.0000	0.0000
0.7916	0.0000	0.0731	0.1353
0.0020	0.0000	0.1595	0.8385
0.0020	0.0000	0.0000	0.9980
0.0741	0.9188	0.0070	0.0000
0.0130	0.0100	0.9770	0.0000
0.0961	0.0110	0.1141	0.7788
0.0000	0.9970	0.0020	0.0010
0.0000	0.9309	0.0691	0.0000
0.0000	0.9970	0.0030	0.0000
0.0150	0.0190	0.0070	0.9589
0.9069	0.0220	0.0290	0.0420
0.2588	0.0020	0.3842	0.3551
0.1293	0.3186	0.1062	0.4459
0.9750	0.0170	0.0030	0.0050
0.1944	0.5421	0.2395	0.0240
