ONECUT3
A	C	G	T
0.4669	0.1681	0.2283	0.1367
0.6334	0.0623	0.1877	0.1166
0.7865	0.0354	0.0644	0.1136
0.8015	0.0228	0.0148	0.1610
0.9706	0.0045	0.0163	0.0086
0.9907	0.0008	0.0067	0.0018
0.0051	0.0165	0.0022	0.9761
0.0038	0.9949	0.0005	0.0008
0.6464	0.0033	0.3486	0.0018
0.9940	0.0010	0.0015	0.0036
0.0070	0.0010	0.0011	0.9909
0.9052	0.0156	0.0278	0.0514
0.5954	0.1416	0.0686	0.1944
0.3062	0.2090	0.1041	0.3807
