ESR1
A	C	G	T
0.4774	0.1337	0.2078	0.1811
0.6547	0.0098	0.3355	0.0000
0.0000	0.0000	0.9482	0.0518
0.0031	0.0000	0.9969	0.0000
0.0000	0.0000	0.0054	0.9946
0.0022	0.9934	0.0000	0.0044
0.9401	0.0000	0.0599	0.0000
0.2069	0.6475	0.1015	0.0441
0.1682	0.2954	0.4503	0.0861
0.3790	0.1419	0.4581	0.0210
0.0000	0.0431	0.0019	0.9551
0.0032	0.0000	0.9968	0.0000
0.9959	0.0020	0.0020	0.0000
0.0000	0.9957	0.0043	0.0000
0.0319	0.9681	0.0000	0.0000
0.0000	0.2193	0.0107	0.7699
0.0678	0.1318	0.4050	0.3953
