CENPB
A	C	G	T
0.0978	0.7969	0.0004	0.1048
0.0172	0.9574	0.0007	0.0247
0.0004	0.9970	0.0002	0.0025
0.0281	0.0302	0.9075	0.0342
0.0013	0.5830	0.1487	0.2671
0.3959	0.1127	0.2056	0.2858
0.0471	0.0686	0.0000	0.8843
0.3057	0.2935	0.2073	0.1934
0.2317	0.3167	0.2651	0.1866
0.3885	0.1473	0.1362	0.3280
0.5365	0.1010	0.2755	0.0869
0.0475	0.9339	0.0018	0.0167
0.1334	0.0130	0.8536	0.0000
0.6867	0.0716	0.0075	0.2342
0.9109	0.0467	0.0096	0.0328
