KLF13
A	C	G	T
0.4624	0.0761	0.2806	0.1809
0.2194	0.0138	0.2383	0.5286
0.2874	0.0000	0.7036	0.0090
0.3141	0.5845	0.0367	0.0646
0.0706	0.8701	0.0019	0.0574
0.9954	0.0000	0.0046	0.0000
0.0000	0.9927	0.0051	0.0022
0.0078	0.0007	0.9886	0.0029
0.0000	0.9956	0.0000	0.0044
0.0027	0.9973	0.0000	0.0000
0.0006	0.9904	0.0000	0.0090
0.2228	0.7729	0.0000	0.0044
0.0015	0.3117	0.0015	0.6854
0.0600	0.1346	0.0208	0.7846
0.0664	0.0632	0.0726	0.7978
0.1679	0.1266	0.1921	0.5134
0.1477	0.0644	0.1766	0.6113
0.1243	0.0964	0.5349	0.2443
