TBX4
A	C	G	T
0.7095	0.0436	0.1501	0.0969
0.1563	0.1128	0.6744	0.0565
0.0036	0.0259	0.9615	0.0090
0.0024	0.1203	0.0089	0.8684
0.0013	0.0006	0.9971	0.0009
0.1176	0.1424	0.0273	0.7127
0.0524	0.1506	0.5992	0.1977
0.7455	0.0338	0.1705	0.0502
0.3594	0.1778	0.1947	0.2681
0.5956	0.0513	0.0780	0.2751
0.3577	0.0723	0.0620	0.5080
0.2804	0.1806	0.2428	0.2962
0.0622	0.1556	0.0380	0.7442
0.2517	0.4190	0.2694	0.0599
0.7130	0.0360	0.1478	0.1032
0.0021	0.9933	0.0025	0.0022
0.8703	0.0034	0.1246	0.0017
0.0119	0.9568	0.0279	0.0035
0.0782	0.6166	0.1540	0.1512
0.0904	0.1212	0.0355	0.7529
