ZNF260
A	C	G	T
0.0731	0.3016	0.1263	0.4990
0.0862	0.0120	0.0000	0.9018
0.8308	0.0030	0.1592	0.0070
1.0000	0.0000	0.0000	0.0000
0.3467	0.6533	0.0000	0.0000
0.0020	0.9850	0.0120	0.0010
0.0000	0.0000	1.0000	0.0000
0.0341	0.0321	0.9328	0.0010
0.0070	0.0000	0.9729	0.0200
0.9910	0.0000	0.0000	0.0090
0.8959	0.1041	0.0000	0.0000
0.0270	0.0000	0.0000	0.9730
0.8988	0.0982	0.0010	0.0020
0.0040	0.9960	0.0000	0.0000
0.0361	0.6760	0.2818	0.0060
0.1304	0.0853	0.0421	0.7422
0.7074	0.2826	0.0080	0.0020
