PBX4
A	C	G	T
0.2497	0.2497	0.2497	0.2508
0.3397	0.3547	0.3016	0.0040
0.0040	0.9128	0.0721	0.0110
0.0230	0.3918	0.5772	0.0080
0.1864	0.0000	0.0000	0.8136
0.0000	0.0000	0.0000	1.0000
0.0000	0.0000	0.0000	1.0000
0.0000	0.9019	0.0731	0.0250
0.1615	0.8265	0.0050	0.0070
0.0050	0.0791	0.0000	0.9159
0.2467	0.4403	0.2598	0.0532
0.0020	0.0150	0.2285	0.7545
0.0000	0.0000	0.9990	0.0010
0.0000	0.0000	0.9259	0.0741
1.0000	0.0000	0.0000	0.0000
1.0000	0.0000	0.0000	0.0000
0.9900	0.0100	0.0000	0.0000
0.0852	0.1904	0.6633	0.0611
0.0180	0.8006	0.1794	0.0020
0.0000	0.7525	0.2425	0.0050
