LRH-1
A	C	G	T
0.3790	0.1316	0.3725	0.1169
0.5787	0.0999	0.1974	0.1240
0.1622	0.1163	0.5817	0.1398
0.0717	0.2221	0.2150	0.4912
0.0417	0.2062	0.0135	0.7385
0.0047	0.9495	0.0435	0.0024
0.9900	0.0082	0.0000	0.0018
0.9865	0.0000	0.0135	0.0000
0.0229	0.0000	0.9771	0.0000
0.0000	0.0000	1.0000	0.0000
0.0993	0.3431	0.0358	0.5217
0.0000	0.9213	0.0071	0.0717
0.8443	0.0118	0.0529	0.0911
0.1592	0.2027	0.4348	0.2033
0.1463	0.4072	0.2667	0.1798
