PROX1
A	C	G	T
0.0517	0.4464	0.1613	0.3407
0.9554	0.0048	0.0267	0.0131
0.8285	0.0563	0.0118	0.1033
0.0184	0.0000	0.9813	0.0003
0.9692	0.0060	0.0242	0.0006
0.0090	0.9805	0.0000	0.0105
0.0041	0.0005	0.9142	0.0812
0.0032	0.4997	0.0024	0.4947
0.0009	0.9903	0.0035	0.0053
0.0011	0.0009	0.0366	0.9615
0.0047	0.0476	0.0109	0.9368
0.6335	0.1642	0.1803	0.0220
