HOXA7
A	C	G	T
0.0500	0.2300	0.4700	0.2500
0.1300	0.2300	0.2500	0.3900
0.5152	0.3131	0.1313	0.0404
0.0700	0.1100	0.5000	0.3200
0.0606	0.0505	0.0000	0.8889
0.9300	0.0400	0.0100	0.0200
0.9700	0.0100	0.0100	0.0100
0.0100	0.0100	0.0100	0.9700
0.0200	0.0100	0.0400	0.9300
0.8889	0.0000	0.0505	0.0606
0.4700	0.2500	0.1800	0.1000
0.0404	0.1313	0.3131	0.5152
0.2200	0.1800	0.4500	0.1500
0.1500	0.1700	0.5300	0.1500
0.3663	0.2970	0.0990	0.2376
0.4000	0.3300	0.1900	0.0800
