Plagl1
A	C	G	T
0.1200	0.2400	0.3000	0.3400
0.2400	0.2800	0.1900	0.2900
0.2000	0.1500	0.4700	0.1800
0.1919	0.1111	0.5152	0.1818
0.0500	0.0400	0.8400	0.0700
0.1300	0.0000	0.8500	0.0200
0.0000	0.0100	0.9600	0.0300
0.0000	0.6566	0.3434	0.0000
0.0000	0.3434	0.6566	0.0000
0.0300	0.9600	0.0100	0.0000
0.0200	0.8500	0.0000	0.1300
0.0700	0.8400	0.0400	0.0500
0.1919	0.5455	0.0606	0.2020
0.2100	0.2300	0.2600	0.3000
0.3800	0.1900	0.2600	0.1700
0.2300	0.2600	0.3000	0.2100
