DMRT3
A	C	G	T
0.4250	0.1250	0.2750	0.1750
0.5000	0.0250	0.1750	0.3000
0.3750	0.0250	0.1000	0.5000
0.0500	0.0250	0.0000	0.9250
0.0250	0.1000	0.1000	0.7750
0.0250	0.0000	0.9750	0.0000
0.5000	0.0500	0.0000	0.4500
0.0250	0.0000	0.0000	0.9750
0.9750	0.0000	0.0250	0.0000
0.0000	1.0000	0.0000	0.0000
0.9250	0.0000	0.0000	0.0750
0.3500	0.0000	0.0000	0.6500
0.1500	0.0250	0.0500	0.7750
0.1250	0.1000	0.3500	0.4250
0.1500	0.1750	0.0750	0.6000
