VENTX
A	C	G	T
0.1486	0.5585	0.1933	0.0996
0.1097	0.4141	0.4282	0.0481
0.0477	0.5483	0.0356	0.3684
0.0055	0.0009	0.0020	0.9915
0.9893	0.0027	0.0070	0.0010
0.9859	0.0064	0.0066	0.0011
0.0010	0.0026	0.0046	0.9919
0.0058	0.5045	0.3738	0.1159
0.0371	0.0410	0.9048	0.0170
0.2888	0.0672	0.6224	0.0217
0.7092	0.0025	0.0130	0.2753
0.8857	0.0026	0.0031	0.1086
0.8791	0.0175	0.0029	0.1005
0.5973	0.2310	0.1536	0.0180
0.0056	0.9883	0.0032	0.0029
0.0658	0.0595	0.8736	0.0011
0.9896	0.0071	0.0007	0.0026
0.0009	0.0005	0.0015	0.9971
0.0007	0.0017	0.0007	0.9970
0.9904	0.0008	0.0014	0.0074
0.1813	0.0200	0.7887	0.0100
