Rpn4
A	C	G	T
0.3200	0.1900	0.1800	0.3100
0.1600	0.3300	0.2600	0.2500
0.2079	0.2079	0.3267	0.2574
0.2929	0.2121	0.1414	0.3535
0.3500	0.2100	0.2400	0.2000
0.6634	0.0594	0.1584	0.1188
0.0000	0.9798	0.0000	0.0202
0.0000	0.0100	0.9900	0.0000
0.0000	1.0000	0.0000	0.0000
0.0000	1.0000	0.0000	0.0000
0.9100	0.0800	0.0000	0.0100
0.0000	0.9900	0.0000	0.0100
0.0100	0.9600	0.0000	0.0300
0.0200	0.7700	0.1800	0.0300
0.1287	0.0693	0.2970	0.5050
0.5400	0.0900	0.2400	0.1300
0.4300	0.1700	0.2000	0.2000
0.2900	0.2100	0.0900	0.4100
0.1800	0.4300	0.1700	0.2200
0.2277	0.2673	0.3168	0.1881
