ZNF329
A	C	G	T
0.0291	0.3180	0.0622	0.5908
0.0020	0.0000	0.8468	0.1512
0.7174	0.1874	0.0912	0.0040
0.5671	0.4188	0.0120	0.0020
0.0030	0.0000	0.6543	0.3427
0.0030	0.0000	0.9970	0.0000
0.0000	0.0361	0.6713	0.2926
0.0000	0.0000	1.0000	0.0000
0.9940	0.0000	0.0060	0.0000
0.0170	0.9830	0.0000	0.0000
1.0000	0.0000	0.0000	0.0000
0.0010	0.0320	0.9389	0.0280
0.0000	0.8607	0.0080	0.1313
1.0000	0.0000	0.0000	0.0000
0.0080	0.7788	0.2132	0.0000
0.0010	0.0481	0.0000	0.9509
0.0030	0.0060	0.0000	0.9910
0.0511	0.0260	0.9059	0.0170
0.0000	0.0000	0.0000	1.0000
