IRX4
A	C	G	T
0.4500	0.0800	0.1400	0.3300
0.3500	0.1800	0.2300	0.2400
0.3000	0.2000	0.1900	0.3100
0.2700	0.2300	0.2600	0.2400
0.3267	0.0099	0.0396	0.6238
0.9100	0.0100	0.0200	0.0600
0.0099	0.9307	0.0099	0.0495
0.9000	0.0000	0.0200	0.0800
0.0800	0.0200	0.0000	0.9000
0.0495	0.0099	0.9307	0.0099
0.0600	0.0200	0.0100	0.9100
0.6238	0.0396	0.0099	0.3267
0.5657	0.1919	0.1010	0.1414
0.4600	0.0800	0.1600	0.3000
0.5100	0.1100	0.1300	0.2500
0.2000	0.3200	0.2400	0.2400
0.3861	0.1386	0.1485	0.3267
