ZER6
A	C	G	T
0.2648	0.1494	0.3230	0.2628
0.0320	0.0000	0.9620	0.0060
0.0000	0.9940	0.0000	0.0060
0.0010	0.8116	0.1774	0.0100
0.0010	0.0000	0.0000	0.9990
0.0871	0.9129	0.0000	0.0000
0.7648	0.0000	0.2352	0.0000
1.0000	0.0000	0.0000	0.0000
0.8547	0.1453	0.0000	0.0000
0.0190	0.9810	0.0000	0.0000
0.0000	0.0000	0.9880	0.0120
0.9830	0.0110	0.0060	0.0000
0.9529	0.0020	0.0010	0.0441
1.0000	0.0000	0.0000	0.0000
0.7866	0.0000	0.0040	0.2094
0.1494	0.3240	0.4804	0.0461
0.0070	0.3246	0.4980	0.1703
