AIRE
A	C	G	T
0.0000	0.2727	0.7273	0.0000
0.2143	0.2143	0.5714	0.0000
0.0000	0.0000	0.0000	1.0000
0.0000	0.0000	0.0000	1.0000
0.8750	0.0625	0.0000	0.0625
0.0000	0.0000	0.0000	1.0000
0.0526	0.0000	0.0000	0.9474
0.8571	0.0000	0.0476	0.0952
0.9167	0.0417	0.0000	0.0417
0.0000	0.0385	0.2692	0.6923
0.0714	0.0714	0.0000	0.8571
0.0000	0.0000	1.0000	0.0000
0.0000	0.0000	1.0000	0.0000
0.0690	0.0000	0.0345	0.8966
0.0000	0.0345	0.0000	0.9655
0.9565	0.0000	0.0435	0.0000
0.0000	0.0526	0.0526	0.8947
0.7222	0.1111	0.1667	0.0000
0.0000	0.0556	0.0000	0.9444
0.0000	0.0000	0.0000	1.0000
0.0000	0.0588	0.8824	0.0588
0.0588	0.0588	0.8824	0.0000
0.0000	0.1667	0.2500	0.5833
0.0000	0.1000	0.1000	0.8000
0.4000	0.0000	0.3000	0.3000
