Otx1
A	C	G	T
0.2121	0.2224	0.2897	0.2759
0.2638	0.2448	0.1328	0.3586
0.0629	0.0252	0.0000	0.9119
0.9400	0.0000	0.0324	0.0276
0.9983	0.0000	0.0017	0.0000
0.0140	0.0070	0.1643	0.8146
0.0094	0.9119	0.0786	0.0000
0.0326	0.9446	0.0000	0.0228
0.0060	0.0166	0.8735	0.1039
0.7065	0.2375	0.0146	0.0414
0.0101	0.0101	0.0017	0.9781
0.0485	0.0129	0.0000	0.9385
0.8801	0.0106	0.0319	0.0774
0.3345	0.1552	0.2569	0.2534
0.2448	0.3310	0.2362	0.1879
