MSX2
A	C	G	T
0.1022	0.2188	0.5051	0.1738
0.0328	0.7411	0.0119	0.2142
0.8956	0.0419	0.0296	0.0329
0.9535	0.0293	0.0138	0.0034
0.0000	0.0006	0.0000	0.9994
0.0612	0.0606	0.0024	0.8757
0.9463	0.0050	0.0273	0.0215
0.6269	0.0705	0.1157	0.1869
0.6188	0.1417	0.1207	0.1188
0.4795	0.0804	0.1151	0.3249
0.5050	0.0684	0.1468	0.2798
0.1439	0.4133	0.3717	0.0711
0.0722	0.6857	0.0132	0.2289
0.8240	0.0410	0.1282	0.0068
0.9373	0.0541	0.0077	0.0009
0.0013	0.0007	0.0000	0.9980
0.0091	0.0294	0.0013	0.9602
0.9119	0.0047	0.0527	0.0307
