p63
A	C	G	T
0.3400	0.0900	0.4400	0.1300
0.4500	0.0000	0.4500	0.1000
0.7100	0.0000	0.2600	0.0300
0.0000	1.0000	0.0000	0.0000
0.7228	0.0000	0.2376	0.0396
0.2500	0.0000	0.0200	0.7300
0.0000	0.0000	1.0000	0.0000
0.0000	0.1300	0.0000	0.8700
0.0198	0.7327	0.0000	0.2475
0.1300	0.4000	0.1500	0.3200
0.2900	0.1400	0.4700	0.1000
0.2079	0.0000	0.7426	0.0495
0.9000	0.0000	0.1000	0.0000
0.0000	1.0000	0.0000	0.0000
0.7426	0.0297	0.0198	0.2079
0.0100	0.1800	0.0200	0.7900
0.0000	0.0000	1.0000	0.0000
0.0000	0.3000	0.0000	0.7000
0.0500	0.5900	0.0000	0.3600
0.1300	0.4500	0.0800	0.3400
