MafB
A	C	G	T
0.4340	0.1099	0.1053	0.3507
0.2612	0.1982	0.2741	0.2665
0.0490	0.2871	0.0165	0.6474
0.0121	0.0121	0.9731	0.0027
0.1374	0.8464	0.0029	0.0134
0.0641	0.0329	0.0172	0.8858
0.0726	0.0265	0.8314	0.0695
0.9733	0.0045	0.0183	0.0040
0.0052	0.8017	0.0534	0.1397
0.1211	0.0449	0.8247	0.0093
0.0238	0.0695	0.0115	0.8952
0.4833	0.4415	0.0245	0.0506
0.7202	0.0275	0.1208	0.1314
0.0458	0.0059	0.8463	0.1020
0.0028	0.9608	0.0193	0.0171
0.7967	0.0133	0.0849	0.1051
0.2242	0.2624	0.2313	0.2821
0.3134	0.0963	0.1671	0.4232
