HSFY1
A	C	G	T
0.2318	0.0909	0.0727	0.6045
0.1676	0.0202	0.0434	0.7688
0.1250	0.7917	0.0774	0.0060
0.0029	0.0731	0.7778	0.1462
0.9017	0.0610	0.0068	0.0305
0.7056	0.0451	0.0292	0.2202
0.3459	0.3008	0.1316	0.2218
0.2642	0.4000	0.2340	0.1019
0.4000	0.1208	0.4226	0.0566
0.2768	0.0714	0.0580	0.5938
0.0594	0.0462	0.0165	0.8779
0.1327	0.8210	0.0432	0.0031
0.0000	0.1492	0.6963	0.1545
0.8391	0.0789	0.0252	0.0568
0.6348	0.0859	0.0692	0.2100
