ZNF76
A	C	G	T
0.3263	0.1131	0.1782	0.3824
0.0591	0.1824	0.3848	0.3737
0.4499	0.0150	0.2575	0.2776
0.1764	0.0020	0.7856	0.0361
0.0000	0.0591	0.1051	0.8358
0.0070	0.0010	0.3617	0.6303
0.9670	0.0330	0.0000	0.0000
0.0000	0.9599	0.0401	0.0000
0.0000	0.0000	0.0641	0.9359
0.0080	0.9760	0.0150	0.0010
0.0000	0.9950	0.0000	0.0050
0.0000	0.0000	0.0000	1.0000
0.0300	0.0000	0.9550	0.0150
0.0000	0.4655	0.5345	0.0000
0.9610	0.0000	0.0000	0.0390
0.6914	0.2756	0.0261	0.0070
0.4950	0.4639	0.0010	0.0401
0.0090	0.0030	0.2886	0.6994
0.1421	0.0180	0.7007	0.1391
