Zkscan1
A	C	G	T
0.2505	0.2265	0.3016	0.2214
0.0000	0.0000	0.0240	0.9760
0.0000	0.0030	0.0320	0.9650
0.2002	0.6717	0.1261	0.0020
0.1974	0.0912	0.7104	0.0010
0.9188	0.0000	0.0812	0.0000
0.9670	0.0000	0.0000	0.0330
0.0030	0.9719	0.0220	0.0030
0.0000	0.0641	0.6406	0.2953
0.4084	0.5676	0.0000	0.0240
0.1874	0.0140	0.0000	0.7986
0.0000	0.0000	0.8308	0.1692
0.0341	0.0100	0.9559	0.0000
0.0040	0.6062	0.3898	0.0000
0.2983	0.0320	0.6697	0.0000
0.9990	0.0000	0.0000	0.0010
0.2305	0.3477	0.0090	0.4128
