ZNF30
A	C	G	T
0.2452	0.2002	0.2923	0.2623
0.0000	0.0000	0.9990	0.0010
0.6904	0.1002	0.1493	0.0601
0.0040	0.0150	0.0040	0.9770
0.0201	0.0000	0.0672	0.9127
0.7788	0.2212	0.0000	0.0000
0.9980	0.0020	0.0000	0.0000
0.9509	0.0020	0.0010	0.0461
0.1012	0.8367	0.0541	0.0080
0.3687	0.0000	0.6313	0.0000
0.0040	0.0000	0.1032	0.8928
0.0000	1.0000	0.0000	0.0000
0.0000	0.9399	0.0030	0.0571
0.0240	0.0040	0.9709	0.0010
0.0240	0.9760	0.0000	0.0000
0.0000	0.0180	0.0000	0.9820
0.0000	0.0000	1.0000	0.0000
0.0671	0.1964	0.0401	0.6964
0.2595	0.6563	0.0521	0.0321
0.1946	0.1414	0.1635	0.5005
