HOXC-8
A	C	G	T
0.2121	0.2222	0.2424	0.3232
0.2800	0.1900	0.0900	0.4400
0.2400	0.1000	0.4100	0.2500
0.3168	0.0990	0.3564	0.2277
0.2900	0.1700	0.3700	0.1700
0.1300	0.0700	0.5600	0.2400
0.0100	0.0800	0.0000	0.9100
0.9100	0.0500	0.0000	0.0400
0.9798	0.0101	0.0000	0.0101
0.0101	0.0000	0.0101	0.9798
0.0400	0.0000	0.0500	0.9100
0.9100	0.0000	0.0800	0.0100
0.3500	0.3300	0.0400	0.2800
0.1700	0.3700	0.1700	0.2900
0.2079	0.0990	0.4158	0.2772
0.0891	0.1584	0.1683	0.5842
