ZNF419
A	C	G	T
0.0251	0.0030	0.9609	0.0110
0.1533	0.0000	0.7826	0.0641
0.9930	0.0040	0.0030	0.0000
0.0000	0.0000	0.2593	0.7407
0.0020	0.0000	0.6974	0.3006
0.0000	0.8938	0.1052	0.0010
0.1371	0.0000	0.8629	0.0000
0.0000	0.0000	1.0000	0.0000
1.0000	0.0000	0.0000	0.0000
0.0000	1.0000	0.0000	0.0000
0.0371	0.0010	0.2096	0.7523
0.9990	0.0000	0.0010	0.0000
0.9590	0.0000	0.0000	0.0410
1.0000	0.0000	0.0000	0.0000
0.9670	0.0230	0.0100	0.0000
0.6543	0.0060	0.3327	0.0070
0.2152	0.0250	0.4545	0.3053
0.0291	0.9077	0.0471	0.0160
