BDP1
A	C	G	T
0.1516	0.0079	0.7165	0.1240
0.0433	0.0020	0.9035	0.0512
0.4705	0.0472	0.1516	0.3307
0.3130	0.3209	0.0413	0.3248
0.0079	0.0079	0.0217	0.9626
0.0217	0.4902	0.0965	0.3917
0.1220	0.0295	0.8130	0.0354
0.9744	0.0098	0.0059	0.0098
0.8957	0.0039	0.0118	0.0886
0.0945	0.7972	0.0177	0.0906
0.0846	0.5551	0.0295	0.3307
0.2146	0.5650	0.0827	0.1378
