NR2E1
A	C	G	T
0.6545	0.1152	0.1623	0.0681
0.6624	0.0855	0.1624	0.0897
0.2423	0.0396	0.6828	0.0352
0.0000	0.1500	0.0750	0.7750
0.0215	0.8333	0.0538	0.0914
0.9451	0.0000	0.0549	0.0000
0.6379	0.1029	0.1029	0.1564
0.3397	0.0577	0.1987	0.4038
0.8289	0.0000	0.0321	0.1390
0.8201	0.0423	0.1111	0.0265
0.1264	0.0220	0.8516	0.0000
0.0255	0.1837	0.0000	0.7908
0.0000	0.8031	0.0466	0.1503
0.9012	0.0000	0.0988	0.0000
