RAP1
A	C	G	T
0.4242	0.0000	0.0303	0.5455
0.1515	0.3636	0.4545	0.0303
0.1818	0.0606	0.0000	0.7576
0.5758	0.0000	0.3030	0.1212
0.0000	0.0000	0.0000	1.0000
0.0000	0.0000	0.3939	0.6061
0.0000	0.0000	0.5455	0.4545
0.3333	0.0909	0.4848	0.0909
0.0909	0.0000	0.1212	0.7879
0.0000	0.0000	1.0000	0.0000
0.0000	0.0606	0.0000	0.9394
0.3030	0.0000	0.3333	0.3636
0.0909	0.0303	0.0000	0.8788
0.0000	0.0000	0.8788	0.1212
0.0000	0.0303	0.9697	0.0000
0.7273	0.0000	0.2424	0.0303
0.0000	0.0000	0.0606	0.9394
0.0000	0.1212	0.8788	0.0000
0.0000	0.3939	0.0303	0.5758
