NR2F6
A	C	G	T
0.4391	0.0622	0.4538	0.0448
0.5620	0.0020	0.4355	0.0006
0.0006	0.0000	0.9949	0.0045
0.0012	0.0003	0.9934	0.0051
0.0003	0.0006	0.0029	0.9962
0.0002	0.9761	0.0016	0.0221
0.9875	0.0012	0.0076	0.0037
0.8068	0.0348	0.0355	0.1230
0.7109	0.0090	0.1391	0.1410
0.9569	0.0002	0.0429	0.0000
0.0009	0.0000	0.9991	0.0000
0.0009	0.0000	0.9917	0.0073
0.0000	0.0006	0.0089	0.9905
0.0008	0.9716	0.0039	0.0236
0.9245	0.0005	0.0736	0.0015
