hoxa9
A	C	G	T
0.3861	0.1188	0.3366	0.1584
0.2121	0.5051	0.2020	0.0808
0.2300	0.0700	0.5600	0.1400
0.0891	0.1584	0.6535	0.0990
0.0900	0.6000	0.0100	0.3000
0.2400	0.6300	0.0200	0.1100
0.8889	0.0000	0.1010	0.0101
0.0202	0.0000	0.0000	0.9798
0.6300	0.0100	0.0000	0.3600
0.9596	0.0000	0.0000	0.0404
0.9300	0.0100	0.0100	0.0500
0.7600	0.0200	0.0300	0.1900
0.3232	0.1616	0.0606	0.4545
0.1700	0.1300	0.1700	0.5300
0.5100	0.1300	0.1500	0.2100
0.3800	0.0900	0.2800	0.2500
0.3800	0.0800	0.1100	0.4300
